  -4.000000      0.3285706    
  -3.900000      0.1738927    
  -3.800000      3.1585693E-02
  -3.700000     -9.8615170E-02
  -3.600000     -0.2169762    
  -3.500000     -0.3237631    
  -3.400001     -0.4192410    
  -3.300001     -0.5036758    
  -3.200001     -0.5773335    
  -3.100001     -0.6404786    
  -3.000001     -0.6933776    
  -2.900001     -0.7362962    
  -2.800001     -0.7695000    
  -2.700001     -0.7932539    
  -2.600001     -0.8078244    
  -2.500001     -0.8134766    
  -2.400002     -0.8104764    
  -2.300002     -0.7990892    
  -2.200002     -0.7795806    
  -2.100002     -0.7522166    
  -2.000002     -0.7172626    
  -1.900002     -0.6749842    
  -1.800002     -0.6256466    
  -1.700002     -0.5695161    
  -1.600002     -0.5068581    
  -1.500002     -0.4379383    
  -1.400002     -0.3630221    
  -1.300002     -0.2823752    
  -1.200002     -0.1962633    
  -1.100002     -0.1049520    
  -1.000002     -8.7068193E-03
 -0.9000016      9.2206433E-02
 -0.8000016      0.1975222    
 -0.7000016      0.3069749    
 -0.6000016      0.4202989    
 -0.5000015      0.5372285    
 -0.4000016      0.6574981    
 -0.3000016      0.7808422    
 -0.2000016      0.9069950    
 -0.1000016       1.035691    
 -1.5646219E-06   1.166665    
  9.9998437E-02   1.299650    
  0.1999984       1.434382    
  0.2999984       1.570594    
  0.3999984       1.708022    
  0.4999984       1.846398    
  0.5999984       1.985459    
  0.6999984       2.124938    
  0.7999985       2.264569    
  0.8999985       2.404087    
  0.9999985       2.543227    
   1.099998       2.681722    
   1.199998       2.819307    
   1.299999       2.955717    
   1.399999       3.090685    
   1.499999       3.223947    
   1.599999       3.355236    
   1.699999       3.484287    
   1.799999       3.610834    
   1.899999       3.734612    
   1.999999       3.855356    
   2.099999       3.972798    
   2.199999       4.086673    
   2.299999       4.196718    
   2.399998       4.302665    
   2.499998       4.404248    
   2.599998       4.501203    
   2.699998       4.593264    
   2.799998       4.680164    
   2.899998       4.761640    
   2.999998       4.837423    
   3.099998       4.907250    
   3.199998       4.970855    
   3.299998       5.027972    
   3.399997       5.078334    
   3.499997       5.121678    
   3.599997       5.157737    
   3.699997       5.186244    
   3.799997       5.206936    
   3.899997       5.219546    
   3.999997       5.223809    
   4.099997       5.219459    
   4.199997       5.206229    
   4.299997       5.183855    
   4.399997       5.152072    
   4.499997       5.110613    
   4.599997       5.059212    
   4.699996       4.997605    
   4.799996       4.925527    
   4.899996       4.842708    
   4.999996       4.748887    
   5.099996       4.643796    
   5.199996       4.527171    
   5.299996       4.398746    
   5.399996       4.258254    
   5.499996       4.105429    
   5.599996       3.940007    
   5.699996       3.761723    
   5.799995       3.570310    
   5.899995       3.365502    
   5.999995       3.147036    
   6.099995       2.914641    
   6.199995       2.668058    
   6.299995       2.407017    
   6.399995       2.131253    
   6.499995       1.840502    
   6.599995       1.534497    
   6.699995       1.212973    
   6.799994      0.8756638    
   6.899994      0.5223036    
   6.999994      0.1526279    
   7.099994     -0.2336302    
   7.199994     -0.6367378    
   7.299994      -1.056953    
   7.399994      -1.494551    
   7.499994      -1.949793    
   7.599994      -2.422943    
   7.699994      -2.914270    
   7.799994      -3.424040    
   7.899993      -3.952513    
   7.999993      -4.499960    
