  -4.000000       1.941555    
  -3.900000       1.527997    
  -3.800000       1.146196    
  -3.700000      0.7951231    
  -3.600000      0.4737595    
  -3.500000      0.1811028    
  -3.400001     -8.3840132E-02
  -3.300001     -0.3220460    
  -3.200001     -0.5344791    
  -3.100001     -0.7220909    
  -3.000001     -0.8858211    
  -2.900001      -1.026595    
  -2.800001      -1.145325    
  -2.700001      -1.242910    
  -2.600001      -1.320236    
  -2.500001      -1.378178    
  -2.400002      -1.417595    
  -2.300002      -1.439335    
  -2.200002      -1.444231    
  -2.100002      -1.433105    
  -2.000002      -1.406764    
  -1.900002      -1.366003    
  -1.800002      -1.311605    
  -1.700002      -1.244337    
  -1.600002      -1.164956    
  -1.500002      -1.074205    
  -1.400002     -0.9728118    
  -1.300002     -0.8614941    
  -1.200002     -0.7409548    
  -1.100002     -0.6118848    
  -1.000002     -0.4749610    
 -0.9000016     -0.3308476    
 -0.8000016     -0.1801958    
 -0.7000016     -2.3643671E-02
 -0.6000016      0.1381839    
 -0.5000015      0.3046747    
 -0.4000016      0.4752301    
 -0.3000016      0.6492643    
 -0.2000016      0.8262044    
 -0.1000016       1.005491    
 -1.5646219E-06   1.186577    
  9.9998437E-02   1.368930    
  0.1999984       1.552028    
  0.2999984       1.735365    
  0.3999984       1.918446    
  0.4999984       2.100789    
  0.5999984       2.281928    
  0.6999984       2.461406    
  0.7999985       2.638781    
  0.8999985       2.813625    
  0.9999985       2.985522    
   1.099998       3.154068    
   1.199998       3.318874    
   1.299999       3.479564    
   1.399999       3.635773    
   1.499999       3.787152    
   1.599999       3.933361    
   1.699999       4.074079    
   1.799999       4.208991    
   1.899999       4.337802    
   1.999999       4.460224    
   2.099999       4.575987    
   2.199999       4.684831    
   2.299999       4.786510    
   2.399998       4.880790    
   2.499998       4.967454    
   2.599998       5.046292    
   2.699998       5.117112    
   2.799998       5.179733    
   2.899998       5.233986    
   2.999998       5.279719    
   3.099998       5.316790    
   3.199998       5.345068    
   3.299998       5.364441    
   3.399997       5.374805    
   3.499997       5.376071    
   3.599997       5.368163    
   3.699997       5.351017    
   3.799997       5.324585    
   3.899997       5.288827    
   3.999997       5.243723    
   4.099997       5.189260    
   4.199997       5.125441    
   4.299997       5.052280    
   4.399997       4.969806    
   4.499997       4.878061    
   4.599997       4.777100    
   4.699996       4.666990    
   4.799996       4.547811    
   4.899996       4.419657    
   4.999996       4.282636    
   5.099996       4.136865    
   5.199996       3.982482    
   5.299996       3.819628    
   5.399996       3.648466    
   5.499996       3.469163    
   5.599996       3.281910    
   5.699996       3.086901    
   5.799995       2.884353    
   5.899995       2.674483    
   5.999995       2.457533    
   6.099995       2.233753    
   6.199995       2.003406    
   6.299995       1.766769    
   6.399995       1.524130    
   6.499995       1.275797    
   6.599995       1.022079    
   6.699995      0.7633123    
   6.799994      0.4998312    
   6.899994      0.2319984    
   6.999994     -3.9821625E-02
   7.099994     -0.3152504    
   7.199994     -0.5938921    
   7.299994     -0.8753357    
   7.399994      -1.159163    
   7.499994      -1.444939    
   7.599994      -1.732220    
   7.699994      -2.020546    
   7.799994      -2.309444    
   7.899993      -2.598427    
   7.999993      -2.886993    
