  -4.000000      0.5271367    
  -3.900000      0.4470109    
  -3.800000      0.3600788    
  -3.700000      0.2679083    
  -3.600000      0.1719792    
  -3.500000      7.3689461E-02
  -3.400001     -2.5649369E-02
  -3.300001     -0.1248061    
  -3.200001     -0.2226279    
  -3.100001     -0.3180422    
  -3.000001     -0.4100510    
  -2.900001     -0.4977321    
  -2.800001     -0.5802361    
  -2.700001     -0.6567830    
  -2.600001     -0.7266650    
  -2.500001     -0.7892396    
  -2.400002     -0.8439322    
  -2.300002     -0.8902306    
  -2.200002     -0.9276866    
  -2.100002     -0.9559129    
  -2.000002     -0.9745798    
  -1.900002     -0.9834169    
  -1.800002     -0.9822083    
  -1.700002     -0.9707923    
  -1.600002     -0.9490596    
  -1.500002     -0.9169515    
  -1.400002     -0.8744577    
  -1.300002     -0.8216155    
  -1.200002     -0.7585072    
  -1.100002     -0.6852592    
  -1.000002     -0.6020392    
 -0.9000016     -0.5090556    
 -0.8000016     -0.4065551    
 -0.7000016     -0.2948213    
 -0.6000016     -0.1741727    
 -0.5000015     -4.4961527E-02
 -0.4000016      9.2428863E-02
 -0.3000016      0.2375850    
 -0.2000016      0.3900652    
 -0.1000016      0.5494013    
 -1.5646219E-06  0.7151005    
  9.9998437E-02  0.8866469    
  0.1999984       1.063503    
  0.2999984       1.245113    
  0.3999984       1.430901    
  0.4999984       1.620276    
  0.5999984       1.812634    
  0.6999984       2.007356    
  0.7999985       2.203814    
  0.8999985       2.401369    
  0.9999985       2.599375    
   1.099998       2.797181    
   1.199998       2.994131    
   1.299999       3.189567    
   1.399999       3.382829    
   1.499999       3.573261    
   1.599999       3.760206    
   1.699999       3.943016    
   1.799999       4.121044    
   1.899999       4.293654    
   1.999999       4.460220    
   2.099999       4.620126    
   2.199999       4.772770    
   2.299999       4.917564    
   2.399998       5.053936    
   2.499998       5.181336    
   2.599998       5.299228    
   2.699998       5.407101    
   2.799998       5.504468    
   2.899998       5.590867    
   2.999998       5.665859    
   3.099998       5.729040    
   3.199998       5.780029    
   3.299998       5.818486    
   3.399997       5.844094    
   3.499997       5.856579    
   3.599997       5.855705    
   3.699997       5.841267    
   3.799997       5.813109    
   3.899997       5.771110    
   3.999997       5.715200    
   4.099997       5.645350    
   4.199997       5.561581    
   4.299997       5.463961    
   4.399997       5.352611    
   4.499997       5.227702    
   4.599997       5.089460    
   4.699996       4.938172    
   4.799996       4.774177    
   4.899996       4.597872    
   4.999996       4.409721    
   5.099996       4.210249    
   5.199996       4.000041    
   5.299996       3.779761    
   5.399996       3.550122    
   5.499996       3.311923    
   5.599996       3.066026    
   5.699996       2.813370    
   5.799995       2.554968    
   5.899995       2.291908    
   5.999995       2.025360    
   6.099995       1.756570    
   6.199995       1.486873    
   6.299995       1.217673    
   6.399995      0.9504757    
   6.499995      0.6868668    
   6.599995      0.4285126    
   6.699995      0.1771908    
   6.799994     -6.5252304E-02
   6.899994     -0.2968636    
   6.999994     -0.5155945    
   7.099994     -0.7193050    
   7.199994     -0.9057503    
   7.299994      -1.072584    
   7.399994      -1.217363    
   7.499994      -1.337543    
   7.599994      -1.430462    
   7.699994      -1.493355    
   7.799994      -1.523354    
   7.899993      -1.517475    
   7.999993      -1.472610    
