  -4.000000       2.000524    
  -3.900000       1.446331    
  -3.800000      0.9629802    
  -3.700000      0.5442268    
  -3.600000      0.1842378    
  -3.500000     -0.1224230    
  -3.400001     -0.3808174    
  -3.300001     -0.5956433    
  -3.200001     -0.7712543    
  -3.100001     -0.9116747    
  -3.000001      -1.020615    
  -2.900001      -1.101488    
  -2.800001      -1.157422    
  -2.700001      -1.191275    
  -2.600001      -1.205652    
  -2.500001      -1.202916    
  -2.400002      -1.185203    
  -2.300002      -1.154433    
  -2.200002      -1.112326    
  -2.100002      -1.060413    
  -2.000002      -1.000047    
  -1.900002     -0.9324180    
  -1.800002     -0.8585621    
  -1.700002     -0.7793729    
  -1.600002     -0.6956136    
  -1.500002     -0.6079264    
  -1.400002     -0.5168437    
  -1.300002     -0.4227973    
  -1.200002     -0.3261285    
  -1.100002     -0.2270973    
  -1.000002     -0.1258912    
 -0.9000016     -2.2633607E-02
 -0.8000016      8.2607329E-02
 -0.7000016      0.1898113    
 -0.6000016      0.2989977    
 -0.5000015      0.4102186    
 -0.4000016      0.5235518    
 -0.3000016      0.6390943    
 -0.2000016      0.7569553    
 -0.1000016      0.8772512    
 -1.5646219E-06   1.000099    
  9.9998437E-02   1.125612    
  0.1999984       1.253893    
  0.2999984       1.385033    
  0.3999984       1.519103    
  0.4999984       1.656150    
  0.5999984       1.796199    
  0.6999984       1.939242    
  0.7999985       2.085241    
  0.8999985       2.234121    
  0.9999985       2.385770    
   1.099998       2.540037    
   1.199998       2.696728    
   1.299999       2.855610    
   1.399999       3.016401    
   1.499999       3.178778    
   1.599999       3.342372    
   1.699999       3.506769    
   1.799999       3.671510    
   1.899999       3.836092    
   1.999999       3.999968    
   2.099999       4.162550    
   2.199999       4.323208    
   2.299999       4.481275    
   2.399998       4.636045    
   2.499998       4.786783    
   2.599998       4.932716    
   2.699998       5.073049    
   2.799998       5.206960    
   2.899998       5.333605    
   2.999998       5.452127    
   3.099998       5.561656    
   3.199998       5.661315    
   3.299998       5.750224    
   3.399997       5.827506    
   3.499997       5.892298    
   3.599997       5.943748    
   3.699997       5.981029    
   3.799997       6.003339    
   3.899997       6.009920    
   3.999997       6.000046    
   4.099997       5.973054    
   4.199997       5.928332    
   4.299997       5.865338    
   4.399997       5.783610    
   4.499997       5.682771    
   4.599997       5.562532    
   4.699996       5.422720    
   4.799996       5.263268    
   4.899996       5.084239    
   4.999996       4.885832    
   5.099996       4.668391    
   5.199996       4.432420    
   5.299996       4.178594    
   5.399996       3.907772    
   5.499996       3.620999    
   5.599996       3.319545    
   5.699996       3.004880    
   5.799995       2.678722    
   5.899995       2.343031    
   5.999995       2.000032    
   6.099995       1.652224    
   6.199995       1.302395    
   6.299995      0.9536419    
   6.399995      0.6093826    
   6.499995      0.2733688    
   6.599995     -5.0296783E-02
   6.699995     -0.3571358    
   6.799994     -0.6422882    
   6.899994     -0.9004898    
   6.999994      -1.126053    
   7.099994      -1.312855    
   7.199994      -1.454330    
   7.299994      -1.543442    
   7.399994      -1.572594    
   7.499994      -1.533783    
   7.599994      -1.418411    
   7.699994      -1.217331    
   7.799994     -0.9208450    
   7.899993     -0.5186462    
   7.999993      1.4495850E-04
