  -4.000000       2.000000    
  -3.900000       1.445933    
  -3.800000      0.9626898    
  -3.700000      0.5440282    
  -3.600000      0.1841166    
  -3.500000     -0.1224810    
  -3.400001     -0.3808230    
  -3.300001     -0.5956080    
  -3.200001     -0.7711860    
  -3.100001     -0.9115828    
  -3.000001      -1.020507    
  -2.900001      -1.101370    
  -2.800001      -1.157299    
  -2.700001      -1.191152    
  -2.600001      -1.205534    
  -2.500001      -1.202805    
  -2.400002      -1.185101    
  -2.300002      -1.154343    
  -2.200002      -1.112250    
  -2.100002      -1.060351    
  -2.000002      -1.000001    
  -1.900002     -0.9323884    
  -1.800002     -0.8585483    
  -1.700002     -0.7793747    
  -1.600002     -0.6956303    
  -1.500002     -0.6079574    
  -1.400002     -0.5168883    
  -1.300002     -0.4228544    
  -1.200002     -0.3261967    
  -1.100002     -0.2271759    
  -1.000002     -0.1259784    
 -0.9000016     -2.2727914E-02
 -0.8000016      8.2507029E-02
 -0.7000016      0.1897065    
 -0.6000016      0.2988896    
 -0.5000015      0.4101089    
 -0.4000016      0.5234414    
 -0.3000016      0.6389846    
 -0.2000016      0.7568474    
 -0.1000016      0.8771461    
 -1.5646219E-06  0.9999980    
  9.9998437E-02   1.125516    
  0.1999984       1.253803    
  0.2999984       1.384949    
  0.3999984       1.519025    
  0.4999984       1.656080    
  0.5999984       1.796137    
  0.6999984       1.939188    
  0.7999985       2.085195    
  0.8999985       2.234082    
  0.9999985       2.385740    
   1.099998       2.540015    
   1.199998       2.696714    
   1.299999       2.855604    
   1.399999       3.016402    
   1.499999       3.178785    
   1.599999       3.342386    
   1.699999       3.506788    
   1.799999       3.671533    
   1.899999       3.836118    
   1.999999       3.999998    
   2.099999       4.162583    
   2.199999       4.323242    
   2.299999       4.481310    
   2.399998       4.636082    
   2.499998       4.786818    
   2.599998       4.932750    
   2.699998       5.073080    
   2.799998       5.206987    
   2.899998       5.333629    
   2.999998       5.452147    
   3.099998       5.561671    
   3.199998       5.661323    
   3.299998       5.750226    
   3.399997       5.827503    
   3.499997       5.892287    
   3.599997       5.943731    
   3.699997       5.981004    
   3.799997       6.003308    
   3.899997       6.009881    
   3.999997       6.000001    
   4.099997       5.973002    
   4.199997       5.928272    
   4.299997       5.865276    
   4.399997       5.783543    
   4.499997       5.682697    
   4.599997       5.562457    
   4.699996       5.422642    
   4.799996       5.263187    
   4.899996       5.084157    
   4.999996       4.885750    
   5.099996       4.668311    
   5.199996       4.432343    
   5.299996       4.178522    
   5.399996       3.907702    
   5.499996       3.620939    
   5.599996       3.319489    
   5.699996       3.004833    
   5.799995       2.678684    
   5.899995       2.343004    
   5.999995       2.000016    
   6.099995       1.652219    
   6.199995       1.302403    
   6.299995      0.9536619    
   6.399995      0.6094134    
   6.499995      0.2734091    
   6.599995     -5.0244093E-02
   6.699995     -0.3570714    
   6.799994     -0.6422119    
   6.899994     -0.9004045    
   6.999994      -1.125965    
   7.099994      -1.312773    
   7.199994      -1.454253    
   7.299994      -1.543355    
   7.399994      -1.572535    
   7.499994      -1.533741    
   7.599994      -1.418391    
   7.699994      -1.217348    
   7.799994     -0.9209055    
   7.899993     -0.5187715    
   7.999993     -3.8774524E-05
