 -4.  2.
 -3.9000001  1.66450036
 -3.80000019  1.35152686
 -3.70000029  1.06057978
 -3.60000038  0.791158855
 -3.50000048  0.542764246
 -3.40000057  0.314895958
 -3.30000067  0.107053936
 -3.20000076 -0.0812618062
 -3.10000086 -0.250551254
 -3.00000095 -0.401314437
 -2.90000105 -0.534051299
 -2.80000114 -0.649261892
 -2.70000124 -0.747446179
 -2.60000134 -0.829104185
 -2.50000143 -0.894735932
 -2.40000153 -0.944841325
 -2.30000162 -0.979920447
 -2.20000172 -1.00047326
 -2.10000181 -1.00699985
 -2.00000191 -1.
 -1.90000188 -0.980000496
 -1.80000186 -0.947632313
 -1.70000184 -0.903553545
 -1.60000181 -0.84842217
 -1.50000179 -0.782895982
 -1.40000176 -0.707633018
 -1.30000174 -0.623291016
 -1.20000172 -0.530527949
 -1.10000169 -0.430001765
 -1.00000167 -0.322370261
 -0.900001645 -0.208291396
 -0.800001621 -0.088423036
 -0.700001597  0.0365769155
 -0.600001574  0.166050568
 -0.50000155  0.29934001
 -0.400001556  0.43578738
 -0.300001562  0.574734569
 -0.200001568  0.715524077
 -0.100001566  0.857497752
 -1.56462193E-006  0.999997795
  0.0999984369  1.14249778
  0.199998438  1.28499782
  0.299998432  1.42762935
  0.399998426  1.5705241
  0.49999842  1.71381354
  0.599998415  1.8576293
  0.699998438  2.00210309
  0.799998462  2.14736629
  0.899998486  2.29355049
  0.99999851  2.44078732
  1.09999847  2.58920836
  1.1999985  2.73894525
  1.29999852  2.89012933
  1.39999855  3.04289246
  1.49999857  3.19736624
  1.59999859  3.35368204
  1.69999862  3.51197147
  1.79999864  3.67236638
  1.89999866  3.83499789
  1.99999869  3.99999785
  2.09999871  4.16724777
  2.19999862  4.33562946
  2.29999852  4.50377369
  2.39999843  4.67031336
  2.49999833  4.83387899
  2.59999824  4.99310255
  2.69999814  5.14661551
  2.79999804  5.29304981
  2.89999795  5.43103695
  2.99999785  5.55920792
  3.09999776  5.67619467
  3.19999766  5.78062916
  3.29999757  5.87114286
  3.39999747  5.94636679
  3.49999738  6.00493288
  3.59999728  6.04547262
  3.69999719  6.06661797
  3.79999709  6.06700039
  3.899997  6.04525089
  3.9999969  6.00000191
  4.09999704  5.93037748
  4.19999695  5.83747673
  4.29999685  5.72289228
  4.39999676  5.58821535
  4.49999666  5.43503809
  4.59999657  5.26495361
  4.69999647  5.07955265
  4.79999638  4.88042831
  4.89999628  4.66917229
  4.99999619  4.4473772
  5.09999609  4.21663427
  5.19999599  3.97853589
  5.2999959  3.73467445
  5.3999958  3.48664188
  5.49999571  3.23603034
  5.59999561  2.98443198
  5.69999552  2.73343873
  5.79999542  2.48464274
  5.89999533  2.23963618
  5.99999523  2.00001121
  6.09999514  1.76726115
  6.19999504  1.54248464
  6.29999495  1.32668173
  6.39999485  1.12085247
  6.49999475  0.925996721
  6.59999466  0.74311465
  6.69999456  0.573206186
  6.79999447  0.417271346
  6.89999437  0.276310086
  6.99999428  0.15132241
  7.09999418  0.04330834
  7.19999409 -0.0467321388
  7.29999399 -0.117799029
  7.3999939 -0.168892324
  7.4999938 -0.199012056
  7.59999371 -0.207158193
  7.69999361 -0.192330748
  7.79999352 -0.153529733
  7.89999342 -0.0897551551
  7.99999332 -6.99982547E-006
