   1.000000      0.0000000E+00
   1.050000      1.8826127E-03
   1.100000      3.3928752E-03
   1.150000      4.5711994E-03
   1.200000      5.4544806E-03
   1.250000      6.0763359E-03
   1.300000      6.4673424E-03
   1.350000      6.6555738E-03
   1.400000      6.6666603E-03
   1.450000      6.5242648E-03
   1.500000      6.2499642E-03
   1.549999      5.8639050E-03
   1.599999      5.3845644E-03
   1.649999      4.8289895E-03
   1.699999      4.2129159E-03
   1.749999      3.5511255E-03
   1.799999      2.8572083E-03
   1.849999      2.1436214E-03
   1.899999      1.4223456E-03
   1.949999      7.0440769E-04
   1.999999      0.0000000E+00
   2.049999     -6.8134069E-04
   2.099999     -1.3306141E-03
   2.149999     -1.9394159E-03
   2.199999     -2.4999976E-03
   2.249999     -3.0048490E-03
   2.299999     -3.4469962E-03
   2.349999     -3.8199425E-03
   2.399999     -4.1176677E-03
   2.449999     -4.3342710E-03
   2.499999     -4.4642687E-03
   2.549999     -4.5026541E-03
   2.599998     -4.4444799E-03
   2.649998     -4.2852163E-03
   2.699998     -4.0203333E-03
   2.749998     -3.6458969E-03
   2.799998     -3.1579733E-03
   2.849998     -2.5528073E-03
   2.899998     -1.8269420E-03
   2.949998     -9.7703934E-04
   2.999998     -5.9604645E-08
