   1.000000      0.0000000E+00
   1.033333      3.7324429E-04
   1.066667      6.6655874E-04
   1.100000      8.8918209E-04
   1.133333      1.0500550E-03
   1.166667      1.1568666E-03
   1.200000      1.2170672E-03
   1.233333      1.2372136E-03
   1.266666      1.2235045E-03
   1.300000      1.1813641E-03
   1.333333      1.1161566E-03
   1.366666      1.0319948E-03
   1.400000      9.3322992E-04
   1.433333      8.2385540E-04
   1.466666      7.0714951E-04
   1.500000      5.8585405E-04
   1.533333      4.6318769E-04
   1.566666      3.4117699E-04
   1.599999      2.2214651E-04
   1.633333      1.0782480E-04
   1.666666      0.0000000E+00
   1.699999     -1.0007620E-04
   1.733333     -1.9115210E-04
   1.766666     -2.7233362E-04
   1.799999     -3.4284592E-04
   1.833333     -4.0215254E-04
   1.866666     -4.4971704E-04
   1.899999     -4.8547983E-04
   1.933332     -5.0914288E-04
   1.966666     -5.2082539E-04
   1.999999     -5.2082539E-04
   2.033332     -5.0932169E-04
   2.066666     -4.8696995E-04
   2.099999     -4.5406818E-04
   2.133332     -4.1133165E-04
   2.166666     -3.5971403E-04
   2.199999     -2.9993057E-04
   2.233332     -2.3299456E-04
   2.266665     -1.5985966E-04
   2.299999     -8.1896782E-05
   2.333332      0.0000000E+00
   2.366665      8.4340572E-05
   2.399999      1.6987324E-04
   2.433332      2.5510788E-04
   2.466665      3.3849478E-04
   2.499999      4.1860342E-04
   2.533332      4.9352646E-04
   2.566665      5.6219101E-04
   2.599998      6.2215328E-04
   2.633332      6.7216158E-04
   2.666665      7.1024895E-04
   2.699998      7.3432922E-04
   2.733332      7.4285269E-04
   2.766665      7.3355436E-04
   2.799998      7.0458651E-04
   2.833332      6.5386295E-04
   2.866665      5.7935715E-04
   2.899998      4.7880411E-04
   2.933331      3.5017729E-04
   2.966665      1.9133091E-04
   2.999998      5.9604645E-08
