   1.000000      0.0000000E+00
   1.025000      7.9274178E-05
   1.050000      1.4036894E-04
   1.075000      1.8554926E-04
   1.100000      2.1708012E-04
   1.125000      2.3698807E-04
   1.150000      2.4682283E-04
   1.175000      2.4837255E-04
   1.200000      2.4312735E-04
   1.225000      2.3227930E-04
   1.250000      2.1696091E-04
   1.275000      1.9830465E-04
   1.300000      1.7732382E-04
   1.325000      1.5473366E-04
   1.350000      1.3113022E-04
   1.375000      1.0740757E-04
   1.400000      8.3863735E-05
   1.425000      6.0796738E-05
   1.450000      3.9100647E-05
   1.475000      1.8775463E-05
   1.500000     -5.9604645E-08
   1.524999     -1.6987324E-05
   1.549999     -3.1888485E-05
   1.574999     -4.4763088E-05
   1.599999     -5.5372715E-05
   1.624999     -6.3955784E-05
   1.649999     -7.0393085E-05
   1.674999     -7.4803829E-05
   1.699999     -7.7068806E-05
   1.724999     -7.7486038E-05
   1.749999     -7.6115131E-05
   1.774999     -7.3134899E-05
   1.799999     -6.8604946E-05
   1.824999     -6.2823296E-05
   1.849999     -5.5789948E-05
   1.874999     -4.7862530E-05
   1.899999     -3.9041042E-05
   1.924999     -2.9742718E-05
   1.949999     -2.0027161E-05
   1.974999     -1.0013580E-05
   1.999999      0.0000000E+00
   2.024999      9.7155571E-06
   2.049999      1.9192696E-05
   2.074999      2.8252602E-05
   2.099999      3.6537647E-05
   2.125000      4.3928623E-05
   2.150000      5.0485134E-05
   2.175000      5.5789948E-05
   2.200000      6.0021877E-05
   2.225000      6.2823296E-05
   2.250000      6.4373016E-05
   2.275000      6.4373016E-05
   2.300000      6.2882900E-05
   2.325000      6.0021877E-05
   2.350000      5.5551529E-05
   2.375000      4.9710274E-05
   2.400001      4.2378902E-05
   2.425001      3.3557415E-05
   2.450001      2.3543835E-05
   2.475001      1.2278557E-05
   2.500001      0.0000000E+00
   2.525001     -1.3172626E-05
   2.550001     -2.7179718E-05
   2.575001     -4.1246414E-05
   2.600001     -5.5968761E-05
   2.625001     -7.0393085E-05
   2.650002     -8.4519386E-05
   2.675002     -9.7930431E-05
   2.700002     -1.1032820E-04
   2.725002     -1.2105703E-04
   2.750002     -1.3029575E-04
   2.775002     -1.3691187E-04
   2.800002     -1.4072657E-04
   2.825002     -1.4126301E-04
   2.850002     -1.3792515E-04
   2.875002     -1.2999773E-04
   2.900002     -1.1694431E-04
   2.925003     -9.8168850E-05
   2.950003     -7.2836876E-05
   2.975003     -4.0352345E-05
   3.000003      0.0000000E+00
