   1.000000      0.0000000E+00
   1.020000      1.7523766E-05
   1.040000      3.0696392E-05
   1.060000      4.0173531E-05
   1.080000      4.6610832E-05
   1.100000      5.0604343E-05
   1.120000      5.2273273E-05
   1.140000      5.1975250E-05
   1.160000      5.0604343E-05
   1.180000      4.7862530E-05
   1.200000      4.4405460E-05
   1.220000      4.0113926E-05
   1.240000      3.5524368E-05
   1.260000      3.0755997E-05
   1.280000      2.5749207E-05
   1.300000      2.0921230E-05
   1.320000      1.6152859E-05
   1.340000      1.1682510E-05
   1.360000      7.4505806E-06
   1.380000      3.5166740E-06
   1.400000     -5.9604645E-08
   1.420000     -3.0994415E-06
   1.440000     -5.8412552E-06
   1.460000     -7.9870224E-06
   1.480000     -9.7751617E-06
   1.500000     -1.1205673E-05
   1.520000     -1.2159348E-05
   1.539999     -1.2755394E-05
   1.559999     -1.2993813E-05
   1.579999     -1.2874603E-05
   1.599999     -1.2636185E-05
   1.619999     -1.1920929E-05
   1.639999     -1.1026859E-05
   1.659999     -1.0013580E-05
   1.679999     -8.7022781E-06
   1.699999     -7.4505806E-06
   1.719999     -6.0200691E-06
   1.739999     -4.4107437E-06
   1.759999     -2.9802322E-06
   1.779999     -1.4305115E-06
   1.799999      5.9604645E-08
   1.819999      1.3709068E-06
   1.839999      2.6822090E-06
   1.859999      3.8743019E-06
   1.879999      4.8875809E-06
   1.899999      5.7816505E-06
   1.919999      6.4969063E-06
   1.939999      7.0333481E-06
   1.959999      7.5697899E-06
   1.979999      7.6889992E-06
   1.999999      7.8082085E-06
   2.019999      7.6889992E-06
   2.039999      7.3313713E-06
   2.059999      6.8545341E-06
   2.079999      6.0796738E-06
   2.099999      5.4836273E-06
   2.119999      4.5299530E-06
   2.139999      3.5166740E-06
   2.159999      2.5033951E-06
   2.179999      1.2516975E-06
   2.199999      0.0000000E+00
   2.219999     -1.3113022E-06
   2.239999     -2.5033951E-06
   2.259999     -3.8146973E-06
   2.279999     -4.9471855E-06
   2.299999     -6.0796738E-06
   2.319999     -7.0929527E-06
   2.339999     -7.9274178E-06
   2.359999     -8.7022781E-06
   2.379999     -9.2387199E-06
   2.399999     -9.5963478E-06
   2.419999     -9.7751617E-06
   2.439999     -9.7751617E-06
   2.459999     -9.3579292E-06
   2.479999     -8.8214874E-06
   2.499999     -8.0466270E-06
   2.519999     -6.8545341E-06
   2.539999     -5.6028366E-06
   2.559999     -3.9935112E-06
   2.579998     -2.0861626E-06
   2.599998     -5.9604645E-08
   2.619998      2.3245811E-06
   2.639998      4.8279762E-06
   2.659998      7.4505806E-06
   2.679998      1.0311604E-05
   2.699998      1.3053417E-05
   2.719998      1.5795231E-05
   2.739998      1.8477440E-05
   2.759998      2.1040440E-05
   2.779998      2.3543835E-05
   2.799998      2.5749207E-05
   2.819998      2.7298927E-05
   2.839998      2.8431416E-05
   2.859998      2.8848648E-05
   2.879998      2.8610229E-05
   2.899998      2.7239323E-05
   2.919998      2.4795532E-05
   2.939998      2.0921230E-05
   2.959998      1.5735626E-05
   2.979998      8.8214874E-06
   2.999998      0.0000000E+00
