   1.000000      0.0000000E+00
   1.016667      3.9339066E-06
   1.033333      6.8545341E-06
   1.050000      8.8810921E-06
   1.066667      1.0311604E-05
   1.083333      1.1265278E-05
   1.100000      1.1622906E-05
   1.116667      1.1205673E-05
   1.133333      1.0669231E-05
   1.150000      1.0192394E-05
   1.166667      9.4771385E-06
   1.183333      8.4638596E-06
   1.200000      7.2717667E-06
   1.216666      6.2584877E-06
   1.233333      5.2452087E-06
   1.250000      4.2915344E-06
   1.266666      3.2186508E-06
   1.283333      2.3841858E-06
   1.300000      1.4901161E-06
   1.316666      5.3644180E-07
   1.333333      0.0000000E+00
   1.350000     -4.7683716E-07
   1.366666     -1.1324883E-06
   1.383333     -1.4305115E-06
   1.400000     -1.7285347E-06
   1.416666     -2.0265579E-06
   1.433333     -2.1457672E-06
   1.450000     -2.3841858E-06
   1.466666     -2.3841858E-06
   1.483333     -2.3245811E-06
   1.500000     -2.3841858E-06
   1.516666     -1.9669533E-06
   1.533333     -1.9073486E-06
   1.549999     -1.7285347E-06
   1.566666     -1.3709068E-06
   1.583333     -1.2516975E-06
   1.599999     -8.9406967E-07
   1.616666     -7.1525574E-07
   1.633333     -4.7683716E-07
   1.649999     -2.3841858E-07
   1.666666     -1.1920929E-07
   1.683333      1.7881393E-07
   1.699999      4.7683716E-07
   1.716666      5.3644180E-07
   1.733333      7.1525574E-07
   1.749999      8.9406967E-07
   1.766666      7.7486038E-07
   1.783333      1.0728836E-06
   1.799999      1.0132790E-06
   1.816666      1.0132790E-06
   1.833333      1.0728836E-06
   1.849999      1.0728836E-06
   1.866666      9.5367432E-07
   1.883332      8.9406967E-07
   1.899999      7.1525574E-07
   1.916666      5.9604645E-07
   1.933332      7.1525574E-07
   1.949999      3.5762787E-07
   1.966666      2.9802322E-07
   1.983332      1.1920929E-07
   1.999999      0.0000000E+00
   2.016666     -1.1920929E-07
   2.033332     -2.3841858E-07
   2.049999     -4.7683716E-07
   2.066666     -6.5565109E-07
   2.083332     -6.5565109E-07
   2.099999     -8.3446503E-07
   2.116666     -8.9406967E-07
   2.133332     -9.5367432E-07
   2.149999     -9.5367432E-07
   2.166666     -9.5367432E-07
   2.183332     -1.0132790E-06
   2.199999     -9.5367432E-07
   2.216666     -8.9406967E-07
   2.233332     -7.1525574E-07
   2.249999     -7.1525574E-07
   2.266665     -5.9604645E-07
   2.283332     -5.3644180E-07
   2.299999     -4.1723251E-07
   2.316665     -1.1920929E-07
   2.333332      0.0000000E+00
   2.349999      2.9802322E-07
   2.366665      4.7683716E-07
   2.383332      5.9604645E-07
   2.399999      7.7486038E-07
   2.416665      8.9406967E-07
   2.433332      1.0132790E-06
   2.449999      1.3709068E-06
   2.466665      1.4305115E-06
   2.483332      1.6093254E-06
   2.499999      1.4901161E-06
   2.516665      1.7285347E-06
   2.533332      1.5497208E-06
   2.549999      1.6093254E-06
   2.566665      1.5497208E-06
   2.583332      1.3709068E-06
   2.599998      1.1324883E-06
   2.616665      1.0728836E-06
   2.633332      7.7486038E-07
   2.649998      2.9802322E-07
   2.666665     -5.9604645E-08
   2.683332     -5.9604645E-07
   2.699998     -8.9406967E-07
   2.716665     -1.4901161E-06
   2.733332     -2.0265579E-06
   2.749998     -2.6226044E-06
   2.766665     -3.2186508E-06
   2.783332     -3.6358833E-06
   2.799998     -4.4703484E-06
   2.816665     -5.0067902E-06
   2.833332     -5.3644180E-06
   2.849998     -5.9008598E-06
   2.866665     -5.9604645E-06
   2.883332     -6.1988831E-06
   2.899998     -6.2584877E-06
   2.916665     -6.1392784E-06
   2.933331     -5.6624413E-06
   2.949998     -4.5895576E-06
   2.966665     -3.4570694E-06
   2.983331     -2.0265579E-06
   2.999998      5.9604645E-08
