   1.000000      0.0000000E+00
   1.014286      8.3446503E-07
   1.028571      1.4901161E-06
   1.042857      2.0861626E-06
   1.057143      2.5033951E-06
   1.071428      2.6226044E-06
   1.085714      2.6226044E-06
   1.100000      2.2053719E-06
   1.114285      2.3841858E-06
   1.128571      2.3245811E-06
   1.142857      1.7881393E-06
   1.157143      1.7285347E-06
   1.171428      1.3113022E-06
   1.185714      1.1920929E-06
   1.200000      1.1324883E-06
   1.214285      1.1324883E-06
   1.228571      6.5565109E-07
   1.242857      5.3644180E-07
   1.257142      3.5762787E-07
   1.271428      1.7881393E-07
   1.285714      0.0000000E+00
   1.299999      0.0000000E+00
   1.314285     -1.7881393E-07
   1.328571     -2.9802322E-07
   1.342856     -3.5762787E-07
   1.357142     -4.7683716E-07
   1.371428     -5.3644180E-07
   1.385713     -4.1723251E-07
   1.399999     -3.5762787E-07
   1.414285     -4.1723251E-07
   1.428571     -2.9802322E-07
   1.442856     -3.5762787E-07
   1.457142     -1.1920929E-07
   1.471428     -2.9802322E-07
   1.485713     -2.9802322E-07
   1.499999     -2.3841858E-07
   1.514285     -1.1920929E-07
   1.528570     -2.3841858E-07
   1.542856     -1.7881393E-07
   1.557142     -1.1920929E-07
   1.571427     -1.1920929E-07
   1.585713      0.0000000E+00
   1.599999      0.0000000E+00
   1.614284      5.9604645E-08
   1.628570      0.0000000E+00
   1.642856      0.0000000E+00
   1.657141      1.7881393E-07
   1.671427      5.9604645E-08
   1.685713      1.7881393E-07
   1.699998      5.9604645E-08
   1.714284      1.1920929E-07
   1.728570      1.1920929E-07
   1.742856      1.1920929E-07
   1.757141      0.0000000E+00
   1.771427      1.7881393E-07
   1.785713      1.7881393E-07
   1.799998      0.0000000E+00
   1.814284      0.0000000E+00
   1.828570      0.0000000E+00
   1.842855     -5.9604645E-08
   1.857141     -5.9604645E-08
   1.871427      0.0000000E+00
   1.885712     -5.9604645E-08
   1.899998     -1.7881393E-07
   1.914284     -1.1920929E-07
   1.928569     -1.7881393E-07
   1.942855     -1.1920929E-07
   1.957141     -1.1920929E-07
   1.971426     -5.9604645E-08
   1.985712     -3.5762787E-07
   1.999998     -5.9604645E-08
   2.014284     -2.9802322E-07
   2.028569     -5.9604645E-08
   2.042855     -1.7881393E-07
   2.057141     -1.1920929E-07
   2.071427     -5.9604645E-08
   2.085713     -5.9604645E-08
   2.099998     -1.1920929E-07
   2.114284     -1.1920929E-07
   2.128570     -5.9604645E-08
   2.142856      5.9604645E-08
   2.157142      5.9604645E-08
   2.171427      0.0000000E+00
   2.185713      5.9604645E-08
   2.199999      5.9604645E-08
   2.214285      5.9604645E-08
   2.228571      1.7881393E-07
   2.242857      0.0000000E+00
   2.257142      1.1920929E-07
   2.271428      2.3841858E-07
   2.285714      1.7881393E-07
   2.300000      2.3841858E-07
   2.314286      1.1920929E-07
   2.328571      1.1920929E-07
   2.342857      2.9802322E-07
   2.357143      1.1920929E-07
   2.371429      1.7881393E-07
   2.385715      1.1920929E-07
   2.400000      5.9604645E-08
   2.414286      1.1920929E-07
   2.428572      0.0000000E+00
   2.442858      0.0000000E+00
   2.457144     -1.7881393E-07
   2.471429     -1.1920929E-07
   2.485715      5.9604645E-08
   2.500001     -2.3841858E-07
   2.514287     -1.1920929E-07
   2.528573     -2.3841858E-07
   2.542858     -2.3841858E-07
   2.557144     -3.5762787E-07
   2.571430     -5.3644180E-07
   2.585716     -2.9802322E-07
   2.600002     -3.5762787E-07
   2.614287     -1.7881393E-07
   2.628573     -2.3841858E-07
   2.642859     -2.9802322E-07
   2.657145     -1.1920929E-07
   2.671431     -1.1920929E-07
   2.685716     -1.7881393E-07
   2.700002     -5.9604645E-08
   2.714288      5.9604645E-08
   2.728574      1.1920929E-07
   2.742860      1.7881393E-07
   2.757145      2.9802322E-07
   2.771431      5.3644180E-07
   2.785717      6.5565109E-07
   2.800003      4.7683716E-07
   2.814289      8.3446503E-07
   2.828574      1.0132790E-06
   2.842860      5.9604645E-07
   2.857146      1.3709068E-06
   2.871432      1.0728836E-06
   2.885718      1.3709068E-06
   2.900003      1.5497208E-06
   2.914289      1.6093254E-06
   2.928575      1.3709068E-06
   2.942861      1.2516975E-06
   2.957147      7.1525574E-07
   2.971432      7.7486038E-07
   2.985718      5.3644180E-07
   3.000004     -1.7881393E-07
