   1.000000      0.0000000E+00
   1.012500      1.7881393E-07
   1.025000      2.9802322E-07
   1.037500      2.3841858E-07
   1.050000      5.9604645E-07
   1.062500      4.7683716E-07
   1.075000      3.5762787E-07
   1.087500      3.5762787E-07
   1.100000      8.3446503E-07
   1.112500      4.1723251E-07
   1.125000      6.5565109E-07
   1.137501      2.9802322E-07
   1.150001      7.1525574E-07
   1.162501      3.5762787E-07
   1.175001      3.5762787E-07
   1.187501      2.3841858E-07
   1.200001      0.0000000E+00
   1.212501      5.9604645E-08
   1.225001      1.1920929E-07
   1.237501      5.9604645E-08
   1.250001      5.9604645E-08
   1.262501     -5.9604645E-08
   1.275001     -1.1920929E-07
   1.287501     -1.1920929E-07
   1.300001     -1.1920929E-07
   1.312501     -1.7881393E-07
   1.325001     -1.1920929E-07
   1.337501     -1.1920929E-07
   1.350001     -1.7881393E-07
   1.362501     -2.3841858E-07
   1.375001     -2.3841858E-07
   1.387501     -1.7881393E-07
   1.400002     -2.9802322E-07
   1.412502     -1.7881393E-07
   1.425002     -1.1920929E-07
   1.437502     -1.1920929E-07
   1.450002      0.0000000E+00
   1.462502     -5.9604645E-08
   1.475002     -5.9604645E-08
   1.487502      5.9604645E-08
   1.500002      1.1920929E-07
   1.512502      0.0000000E+00
   1.525002      5.9604645E-08
   1.537502      0.0000000E+00
   1.550002      5.9604645E-08
   1.562502      0.0000000E+00
   1.575002     -5.9604645E-08
   1.587502     -1.1920929E-07
   1.600002      5.9604645E-08
   1.612502      0.0000000E+00
   1.625002      5.9604645E-08
   1.637502      5.9604645E-08
   1.650002     -5.9604645E-08
   1.662503      0.0000000E+00
   1.675003      5.9604645E-08
   1.687503      0.0000000E+00
   1.700003     -5.9604645E-08
   1.712503      0.0000000E+00
   1.725003      5.9604645E-08
   1.737503      0.0000000E+00
   1.750003      0.0000000E+00
   1.762503     -5.9604645E-08
   1.775003      5.9604645E-08
   1.787503      5.9604645E-08
   1.800003     -5.9604645E-08
   1.812503     -5.9604645E-08
   1.825003     -5.9604645E-08
   1.837503     -5.9604645E-08
   1.850003     -5.9604645E-08
   1.862503      5.9604645E-08
   1.875003     -1.1920929E-07
   1.887503     -5.9604645E-08
   1.900003     -5.9604645E-08
   1.912503      0.0000000E+00
   1.925004     -5.9604645E-08
   1.937504     -1.1920929E-07
   1.950004     -5.9604645E-08
   1.962504      0.0000000E+00
   1.975004     -5.9604645E-08
   1.987504     -1.1920929E-07
   2.000004      5.9604645E-08
   2.012504     -5.9604645E-08
   2.025004      5.9604645E-08
   2.037504     -5.9604645E-08
   2.050004     -5.9604645E-08
   2.062504     -5.9604645E-08
   2.075004      0.0000000E+00
   2.087504      5.9604645E-08
   2.100004     -5.9604645E-08
   2.112504      0.0000000E+00
   2.125004     -5.9604645E-08
   2.137504      0.0000000E+00
   2.150004     -5.9604645E-08
   2.162504      0.0000000E+00
   2.175004     -5.9604645E-08
   2.187505      0.0000000E+00
   2.200005     -5.9604645E-08
   2.212505      0.0000000E+00
   2.225005      1.1920929E-07
   2.237505      0.0000000E+00
   2.250005      1.1920929E-07
   2.262505      0.0000000E+00
   2.275005     -5.9604645E-08
   2.287505      0.0000000E+00
   2.300005      0.0000000E+00
   2.312505      0.0000000E+00
   2.325005     -1.7881393E-07
   2.337505      0.0000000E+00
   2.350005     -5.9604645E-08
   2.362505     -5.9604645E-08
   2.375005      0.0000000E+00
   2.387505     -1.1920929E-07
   2.400005     -1.1920929E-07
   2.412505     -5.9604645E-08
   2.425005     -1.1920929E-07
   2.437505     -1.1920929E-07
   2.450006     -5.9604645E-08
   2.462506     -1.1920929E-07
   2.475006     -5.9604645E-08
   2.487506      0.0000000E+00
   2.500006      5.9604645E-08
   2.512506     -1.7881393E-07
   2.525006     -5.9604645E-08
   2.537506      0.0000000E+00
   2.550006      0.0000000E+00
   2.562506      0.0000000E+00
   2.575006      0.0000000E+00
   2.587506      1.1920929E-07
   2.600006     -1.1920929E-07
   2.612506     -1.1920929E-07
   2.625006      1.1920929E-07
   2.637506     -5.9604645E-08
   2.650006      0.0000000E+00
   2.662506      2.3841858E-07
   2.675006      5.9604645E-08
   2.687506      1.1920929E-07
   2.700006      5.9604645E-08
   2.712507     -1.1920929E-07
   2.725007     -1.1920929E-07
   2.737507      0.0000000E+00
   2.750007     -5.9604645E-08
   2.762507     -5.9604645E-08
   2.775007     -5.9604645E-08
   2.787507     -2.3841858E-07
   2.800007      5.9604645E-08
   2.812507     -1.7881393E-07
   2.825007      1.1920929E-07
   2.837507     -1.1920929E-07
   2.850007     -3.5762787E-07
   2.862507     -1.7881393E-07
   2.875007     -1.1920929E-07
   2.887507     -2.9802322E-07
   2.900007     -4.1723251E-07
   2.912507     -1.7881393E-07
   2.925007     -2.3841858E-07
   2.937507     -3.5762787E-07
   2.950007     -1.7881393E-07
   2.962507     -3.5762787E-07
   2.975008      0.0000000E+00
   2.987508      0.0000000E+00
   3.000008     -1.1920929E-07
