  0.  6.
  0.200000003  5.82788706
  0.400000006  5.6578989
  0.600000024  5.48796606
  0.800000012  5.31883144
  1.  5.15052128
  1.20000005  4.98307991
  1.4000001  4.81655121
  1.60000014  4.65098286
  1.80000019  4.4864254
  2.00000024  4.3229332
  2.20000029  4.16056442
  2.40000033  3.99938226
  2.60000038  3.83945441
  2.80000043  3.68085384
  3.00000048  3.52365923
  3.20000052  3.36795568
  3.40000057  3.213835
  3.60000062  3.06139636
  3.80000067  2.91074729
  4.00000048  2.76200414
  4.20000029  2.61529255
  4.4000001  2.47074866
  4.5999999  2.32851982
  4.79999971  2.18876505
  4.99999952  2.05165648
  5.19999933  1.91737938
  5.39999914  1.78613269
  5.59999895  1.65812981
  5.79999876  1.53359818
  5.99999857  1.41277885
  6.19999838  1.29592562
  6.39999819  1.18330252
  6.599998  1.0751816
  6.79999781  0.971838057
  6.99999762  0.873544693
  7.19999743  0.780564547
  7.39999723  0.693141639
  7.59999704  0.611490607
  7.79999685  0.535784781
  7.99999666  0.466144234
  8.19999695  0.40262413
  8.39999676  0.345206052
  8.59999657  0.293790787
  8.79999638  0.248197481
  8.99999619  0.208166748
  9.19999599  0.173369288
  9.3999958  0.143418893
  9.59999561  0.117888384
  9.79999542  0.0963271558
  9.99999523  0.078278318
  10.199995  0.063294217
  10.3999949  0.0509491749
  10.5999947  0.0408489853
  10.7999945  0.0326370336
  10.9999943  0.0259973239
  11.1999941  0.0206549373
  11.3999939  0.0163744949
  11.5999937  0.0129572824
  11.7999935  0.0102375569
  11.9999933  0.0080785118
  12.1999931  0.00636822125
  12.3999929  0.00501579978
  12.5999928  0.00394790899
  12.7999926  0.00310567813
  12.9999924  0.00244205398
  13.1999922  0.00191956072
  13.399992  0.00150843733
  13.5999918  0.00118510367
  13.7999916  0.000930913084
  13.9999914  0.000731141597
  14.1999912  0.000574177539
  14.399991  0.000450871943
  14.5999908  0.000354022253
  14.7999907  0.00027796143
  14.9999905  0.000218232846
  15.1999903  0.000171333086
  15.3999901  0.000134508882
  15.5999899  0.000105597042
  15.7999897  8.28982738E-005
  15.9999895  6.50779257E-005
  16.1999893  5.10878453E-005
  16.3999901  4.01049037E-005
  16.5999908  3.14829085E-005
  16.7999916  2.47143853E-005
  16.9999924  1.94009644E-005
  17.1999931  1.52298389E-005
  17.3999939  1.19554643E-005
  17.5999947  9.38505127E-006
  17.7999954  7.36726543E-006
  17.9999962  5.78329582E-006
  18.1999969  4.53987832E-006
  18.3999977  3.56379405E-006
  18.5999985  2.79756932E-006
  18.7999992  2.19608341E-006
  19.  1.72391856E-006
  19.2000008  1.35327002E-006
  19.4000015  1.06231209E-006
  19.6000023  8.33910974E-007
  19.8000031  6.5461694E-007
  20.0000038  5.13871726E-007
  20.2000046  4.03387276E-007
  20.4000053  3.16657378E-007
  20.6000061  2.48574764E-007
  20.8000069  1.95130156E-007
  21.0000076  1.53176387E-007
  21.2000084  1.20242817E-007
  21.4000092  9.43901171E-008
  21.6000099  7.40958441E-008
  21.8000107  5.81649324E-008
  22.0000114  4.56592275E-008
  22.2000122  3.58423051E-008
  22.400013  2.8136057E-008
  22.6000137  2.2086688E-008
  22.8000145  1.73379568E-008
  23.0000153  1.36102241E-008
  23.200016  1.06839684E-008
  23.4000168  8.38687075E-009
  23.6000175  6.58365806E-009
  23.8000183  5.16814413E-009
  24.0000191  4.0569712E-009
  24.2000198  3.18470539E-009
  24.4000206  2.49998022E-009
  24.6000214  1.96247396E-009
  24.8000221  1.54053381E-009
  25.0000229  1.20931254E-009
  25.2000237  9.49305301E-010
  25.4000244  7.45200679E-010
  25.6000252  5.84979398E-010
  25.8000259  4.59206367E-010
  26.0000267  3.60475066E-010
  26.2000275  2.82971424E-010
  26.4000282  2.22131369E-010
  26.600029  1.74372197E-010
  26.8000298  1.36881437E-010
  27.0000305  1.07451353E-010
  27.2000313  8.43488612E-011
  27.400032  6.62135E-011
  27.6000328  5.19773183E-011
  27.8000336  4.08019764E-011
  28.0000343  3.20293791E-011
  28.2000351  2.51429277E-011
  28.4000359  1.97370922E-011
  28.6000366  1.54935335E-011
  28.8000374  1.21623588E-011
  29.0000381  9.5474002E-012
  29.2000389  7.49466895E-012
  29.4000397  5.88328344E-012
  29.6000404  4.61835258E-012
  29.8000412  3.62538732E-012
