  0.  6.
  0.100000001  5.91411257
  0.200000003  5.82875299
  0.300000012  5.7434001
  0.400000006  5.65823412
  0.5  5.57325745
  0.600000024  5.48847485
  0.700000048  5.40389156
  0.800000072  5.31951189
  0.900000095  5.2353406
  1.00000012  5.1513834
  1.10000014  5.06764507
  1.20000017  4.98413134
  1.30000019  4.90084791
  1.40000021  4.81780052
  1.50000024  4.73499537
  1.60000026  4.65243864
  1.70000029  4.57013655
  1.80000031  4.48809624
  1.90000033  4.40632439
  2.00000024  4.32482862
  2.10000014  4.2436161
  2.20000005  4.16269493
  2.29999995  4.08207273
  2.39999986  4.0017581
  2.49999976  3.92175984
  2.59999967  3.84208679
  2.69999957  3.76274848
  2.79999948  3.68375444
  2.89999938  3.60511494
  2.99999928  3.52684045
  3.09999919  3.44894195
  3.19999909  3.37143064
  3.299999  3.2943182
  3.3999989  3.21761703
  3.49999881  3.14133978
  3.59999871  3.06549978
  3.69999862  2.99011087
  3.79999852  2.91518712
  3.89999843  2.84074354
  3.99999833  2.76679564
  4.09999847  2.69335938
  4.19999838  2.62045169
  4.29999828  2.54808998
  4.39999819  2.47629237
  4.49999809  2.40507746
  4.599998  2.33446503
  4.6999979  2.26447511
  4.79999781  2.19512892
  4.89999771  2.12644839
  4.99999762  2.05845642
  5.09999752  1.99117625
  5.19999743  1.92463231
  5.29999733  1.85884988
  5.39999723  1.79385519
  5.49999714  1.72967505
  5.59999704  1.66633737
  5.69999695  1.60387075
  5.79999685  1.54230464
  5.89999676  1.48166943
  5.99999666  1.421996
  6.09999657  1.36331606
  6.19999647  1.30566192
  6.29999638  1.24906635
  6.39999628  1.19356263
  6.49999619  1.13918424
  6.59999609  1.08596492
  6.69999599  1.03393817
  6.7999959  0.983137548
  6.8999958  0.933595896
  6.99999571  0.885345578
  7.09999561  0.838417888
  7.19999552  0.792842865
  7.29999542  0.748649061
  7.39999533  0.705863059
  7.49999523  0.664509118
  7.59999514  0.624608994
  7.69999504  0.586181402
  7.79999495  0.549241662
  7.89999485  0.513801396
  7.99999475  0.479868233
  8.09999466  0.447445422
  8.19999504  0.416531473
  8.29999542  0.387120426
  8.3999958  0.359201193
  8.49999619  0.332757741
  8.59999657  0.307768971
  8.69999695  0.284208924
  8.79999733  0.262046933
  8.89999771  0.241247773
  8.99999809  0.221772119
  9.09999847  0.203576863
  9.19999886  0.186615601
  9.29999924  0.170839086
  9.39999962  0.156195804
  9.5  0.142632455
  9.60000038  0.130094573
  9.70000076  0.118526995
  9.80000114  0.107874416
  9.90000153  0.0980818346
  10.0000019  0.0890950039
  10.1000023  0.0808608308
  10.2000027  0.0733276829
  10.3000031  0.0664457008
  10.4000034  0.0601669922
  10.5000038  0.0544458404
  10.6000042  0.0492388085
  10.7000046  0.0445048399
  10.800005  0.0402052812
  10.9000053  0.0363039039
  11.0000057  0.0327668749
  11.1000061  0.0295626987
  11.2000065  0.0266621634
  11.3000069  0.024038244
  11.4000072  0.0216660071
  11.5000076  0.0195225086
  11.600008  0.0175866783
  11.7000084  0.0158392061
  11.8000088  0.0142624313
  11.9000092  0.0128402254
  12.0000095  0.0115578827
  12.1000099  0.0104020145
  12.2000103  0.00936044566
  12.3000107  0.00842211675
  12.4000111  0.00757699367
  12.5000114  0.00681597926
  12.6000118  0.00613083458
  12.7000122  0.00551410299
  12.8000126  0.00495903986
  12.900013  0.00445954921
  13.0000134  0.00401012506
  13.1000137  0.00360579486
  13.2000141  0.00324207218
  13.3000145  0.00291490904
  13.4000149  0.00262065558
  13.5000153  0.00235602143
  13.6000156  0.00211804127
  13.700016  0.00190404372
  13.8000164  0.00171162246
  13.9000168  0.00153861078
  14.0000172  0.0013830578
  14.1000175  0.00124320737
  14.2000179  0.00111747894
  14.3000183  0.00100445014
  14.4000187  0.000902841275
  14.5000191  0.000811500824
  14.6000195  0.000729393098
  14.7000198  0.000655586424
  14.8000202  0.000589242787
  14.9000206  0.000529608631
  15.000021  0.000476006244
  15.1000214  0.000427826191
  15.2000217  0.000384520506
  15.3000221  0.000345596491
  15.4000225  0.000310611154
  15.5000229  0.000279166241
  15.6000233  0.000250903686
  15.7000237  0.00022550163
  15.800024  0.000202670708
  15.9000244  0.000182150776
  16.0000248  0.000163708042
  16.1000252  0.00014713229
  16.2000256  0.000132234592
  16.3000259  0.000118845121
  16.4000263  0.000106811232
  16.5000267  9.59957179E-005
  16.6000271  8.62752422E-005
  16.7000275  7.75389708E-005
  16.8000278  6.96872594E-005
  16.9000282  6.26305628E-005
  17.0000286  5.62883943E-005
  17.100029  5.05884163E-005
  17.2000294  4.54656074E-005
  17.3000298  4.08615306E-005
  17.4000301  3.67236644E-005
  17.5000305  3.3004806E-005
  17.6000309  2.96625258E-005
  17.7000313  2.66586976E-005
  17.8000317  2.39590481E-005
  17.900032  2.15327764E-005
  18.0000324  1.9352201E-005
  18.1000328  1.73924436E-005
  18.2000332  1.56311435E-005
  18.3000336  1.40482034E-005
  18.400034  1.26255627E-005
  18.5000343  1.13469887E-005
  18.6000347  1.01978922E-005
  18.7000351  9.16516183E-006
  18.8000355  8.2370143E-006
  18.9000359  7.4028585E-006
  19.0000362  6.65317657E-006
  19.1000366  5.9794138E-006
  19.200037  5.37388223E-006
  19.3000374  4.82967198E-006
  19.4000378  4.34057301E-006
  19.5000381  3.90100513E-006
  19.6000385  3.50595155E-006
  19.7000389  3.15090483E-006
  19.8000393  2.83181339E-006
  19.9000397  2.5450363E-006
  20.0000401  2.28730096E-006
  20.1000404  2.0556663E-006
  20.2000408  1.84748922E-006
  20.3000412  1.66039422E-006
  20.4000416  1.49224627E-006
  20.500042  1.34112656E-006
  20.6000423  1.2053107E-006
  20.7000427  1.08324889E-006
  20.8000431  9.73548254E-007
  20.9000435  8.74957038E-007
  21.0000439  7.86350142E-007
  21.1000443  7.06716435E-007
  21.2000446  6.35147273E-007
  21.300045  5.70825875E-007
  21.4000454  5.13018335E-007
  21.5000458  4.61064957E-007
  21.6000462  4.14372892E-007
  21.7000465  3.72409346E-007
  21.8000469  3.34695443E-007
  21.9000473  3.00800821E-007
  22.0000477  2.70338717E-007
  22.1000481  2.42961505E-007
  22.2000484  2.18356774E-007
  22.3000488  1.96243775E-007
  22.4000492  1.7637015E-007
  22.5000496  1.58509138E-007
  22.60005  1.42456912E-007
  22.7000504  1.28030294E-007
  22.8000507  1.15064658E-007
  22.9000511  1.03412049E-007
  23.0000515  9.29395014E-008
  23.1000519  8.35275102E-008
  23.2000523  7.50686695E-008
  23.3000526  6.74664591E-008
  23.400053  6.06341217E-008
  23.5000534  5.44937002E-008
  23.6000538  4.89751173E-008
  23.7000542  4.40154047E-008
  23.8000546  3.95579605E-008
  23.9000549  3.55519205E-008
  24.0000553  3.19515756E-008
  24.1000557  2.87158368E-008
  24.2000561  2.58077808E-008
  24.3000565  2.31942252E-008
  24.4000568  2.08453432E-008
  24.5000572  1.87343332E-008
  24.6000576  1.68371059E-008
  24.700058  1.51320112E-008
  24.8000584  1.35995908E-008
  24.9000587  1.22223591E-008
  25.0000591  1.09845999E-008
  25.1000595  9.8721884E-009
  25.2000599  8.87243079E-009
  25.3000603  7.9739193E-009
  25.4000607  7.16639947E-009
  25.500061  6.44065778E-009
  25.6000614  5.78841153E-009
  25.7000618  5.20221866E-009
  25.8000622  4.67538941E-009
  25.9000626  4.20191215E-009
  26.0000629  3.77638409E-009
  26.1000633  3.39394934E-009
  26.2000637  3.05024384E-009
  26.3000641  2.74134537E-009
  26.4000645  2.463729E-009
  26.5000648  2.21422702E-009
  26.6000652  1.98999195E-009
  26.7000656  1.78846526E-009
  26.800066  1.60734726E-009
  26.9000664  1.44457102E-009
  27.0000668  1.29827915E-009
  27.1000671  1.16680232E-009
  27.2000675  1.04864017E-009
  27.3000679  9.42444234E-010
  27.4000683  8.47002801E-010
  27.5000687  7.61226748E-010
  27.600069  6.84137247E-010
  27.7000694  6.14854612E-010
  27.8000698  5.52588253E-010
  27.9000702  4.96627572E-010
  28.0000706  4.46334053E-010
  28.100071  4.01133765E-010
  28.2000713  3.60510899E-010
  28.3000717  3.24001936E-010
  28.4000721  2.91190239E-010
  28.5000725  2.61701383E-010
  28.6000729  2.3519886E-010
  28.7000732  2.11380247E-010
  28.8000736  1.89973745E-010
  28.900074  1.70735093E-010
  29.0000744  1.53444729E-010
  29.1000748  1.37905368E-010
  29.2000751  1.23939678E-010
  29.3000755  1.11388294E-010
  29.4000759  1.00107991E-010
  29.5000763  8.99700453E-011
  29.6000767  8.08587711E-011
  29.7000771  7.26701962E-011
  29.8000774  6.53108817E-011
  29.9000778  5.86968391E-011
