  0.  6.
  0.300000012  5.74133396
  0.600000024  5.48748016
  0.900000036  5.23381996
  1.20000005  4.98208475
  1.5  4.73237801
  1.79999995  4.48487186
  2.0999999  4.23974466
  2.39999986  3.99719667
  2.69999981  3.75745058
  2.99999976  3.52075601
  3.29999971  3.28739285
  3.59999967  3.05767584
  3.89999962  2.83195925
  4.19999981  2.61064172
  4.5  2.39417315
  4.80000019  2.18305993
  5.10000038  1.97787189
  5.40000057  1.77924681
  5.70000076  1.58789527
  6.00000095  1.4046011
  6.30000114  1.23021686
  6.60000134  1.06565154
  6.90000153  0.911845386
  7.20000172  0.769729018
  7.50000191  0.6401636
  7.8000021  0.523862183
  8.10000229  0.421298832
  8.40000248  0.332620054
  8.70000267  0.257579982
  9.00000286  0.195520461
  9.30000305  0.145407498
  9.60000324  0.10591846
  9.90000343  0.0755596086
  10.2000036  0.0527887754
  10.5000038  0.036122255
  10.800004  0.024214169
  11.1000042  0.0159043428
  11.4000044  0.010237271
  11.7000046  0.00645785173
  12.0000048  0.00399151305
  12.300005  0.00241591549
  12.6000051  0.00143032114
  12.9000053  0.000826716248
  13.2000055  0.000465035118
  13.5000057  0.00025328013
  13.8000059  0.000132431829
  14.1000061  6.54671094E-005
  14.4000063  2.96731723E-005
  14.7000065  1.14231916E-005
  15.0000067  2.73387718E-006
  15.3000069 -9.54297661E-007
  15.6000071 -2.16831586E-006
  15.9000072 -2.26006364E-006
  16.2000065 -1.91872618E-006
  16.5000057 -1.47303444E-006
  16.800005 -1.06243078E-006
  17.1000042 -7.33175511E-007
  17.4000034 -4.88818671E-007
  17.7000027 -3.16703819E-007
  18.0000019 -2.00020281E-007
  18.3000011 -1.23384979E-007
  18.6000004 -7.43551212E-008
  18.8999996 -4.37670202E-008
  19.1999989 -2.51044323E-008
  19.4999981 -1.39954768E-008
  19.7999973 -7.53075913E-009
  20.0999966 -3.87826926E-009
  20.3999958 -1.87112525E-009
  20.699995 -8.16186618E-010
  20.9999943 -2.85670376E-010
  21.2999935 -4.26431633E-011
  21.5999928  5.63962453E-011
  21.899992  8.26736457E-011
  22.1999912  7.97001631E-011
  22.4999905  6.45654155E-011
  22.7999897  4.88442099E-011
  23.0999889  3.43669225E-011
  23.3999882  2.36836974E-011
  23.6999874  1.54403903E-011
  23.9999866  1.00763113E-011
  24.2999859  6.18965946E-012
  24.5999851  3.8895393E-012
  24.8999844  2.24672212E-012
  25.1999836  1.37551678E-012
  25.4999828  7.31379855E-013
  25.7999821  4.43846105E-013
  26.0999813  2.03711925E-013
  26.3999805  1.28378672E-013
  26.6999798  4.04250167E-014
  26.999979  3.20836531E-014
  27.2999783 -1.42504505E-015
  27.5999775  6.55264857E-015
  27.8999767 -7.85902664E-015
  28.199976  1.21546941E-015
  28.4999752 -6.19500416E-015
  28.7999744  6.08970949E-016
  29.0999737 -3.8380435E-015
  29.3999729  6.88654886E-016
  29.6999722 -2.21004787E-015
