  0.  6.
  0.400000006  5.65446472
  0.800000012  5.31754208
  1.20000005  4.98109627
  1.60000002  4.64832926
  2.  4.31952524
  2.4000001  3.995157
  2.80000019  3.67574
  3.20000029  3.3618753
  3.60000038  3.05426431
  4.00000048  2.75372791
  4.40000057  2.4612298
  4.80000067  2.17790151
  5.20000076  1.90506887
  5.60000086  1.64427698
  6.00000095  1.39730561
  6.40000105  1.16616368
  6.80000114  0.953042269
  7.20000124  0.760197043
  7.60000134  0.589732468
  8.00000095  0.443276048
  8.40000057  0.321588635
  8.80000019  0.224240959
  9.19999981  0.149522334
  9.59999943  0.094663538
  9.99999905  0.0562735572
  10.3999987  0.0308055989
  10.7999983  0.0149271591
  11.1999979  0.00575883267
  11.5999975  0.000990254455
  11.9999971 -0.00110352342
  12.3999968 -0.00171865232
  12.7999964 -0.00162086741
  13.199996 -0.00125746056
  13.5999956 -0.000860380533
  13.9999952 -0.000529319223
  14.3999949 -0.000290919415
  14.7999945 -0.000137347379
  15.1999941 -4.84179036E-005
  15.5999937 -3.17312038E-006
  15.9999933  1.55756697E-005
  16.3999939  1.99449278E-005
  16.7999935  1.77189013E-005
  17.1999931  1.32694886E-005
  17.5999928  8.85110057E-006
  17.9999924  5.29830095E-006
  18.399992  2.83277814E-006
  18.7999916  1.26477278E-006
  19.1999912  3.99863694E-007
  19.5999908 -4.13178505E-008
  19.9999905 -1.94281085E-007
  20.3999901 -2.31855836E-007
  20.7999897 -1.85268931E-007
  21.1999893 -1.4482606E-007
  21.5999889 -8.44380708E-008
  21.9999886 -5.86409108E-008
  22.3999882 -2.13482476E-008
  22.7999878 -1.74071531E-008
  23.1999874  2.89631763E-009
  23.599987 -4.8071529E-009
  23.9999866  8.31847213E-009
  24.3999863 -3.34054384E-009
  24.7999859  7.90952015E-009
  25.1999855 -4.41790871E-009
  25.5999851  6.78024126E-009
  25.9999847 -5.34207523E-009
  26.3999844  6.12293016E-009
  26.799984 -5.76115911E-009
  27.1999836  5.88293148E-009
  27.5999832 -5.88150195E-009
  27.9999828  5.83449733E-009
  28.3999825 -5.89146332E-009
  28.7999821  5.84189452E-009
  29.1999817 -5.87857896E-009
  29.5999813  5.85437387E-009
