  0.  6.
  0.600000024  5.47981596
  1.20000005  4.97929192
  1.80000007  4.48050833
  2.4000001  3.99136877
  3.  3.51317239
  3.5999999  3.04812479
  4.19999981  2.59887743
  4.79999971  2.16882539
  5.39999962  1.76229417
  5.99999952  1.38474512
  6.59999943  1.04286671
  7.19999933  0.744288921
  7.79999924  0.496437758
  8.39999962  0.30408752
  9.  0.166346401
  9.60000038  0.0759687573
  10.2000008  0.022480702
  10.8000011 -0.00475012045
  11.4000015 -0.0150020504
  12.0000019 -0.0156446118
  12.6000023 -0.0119856754
  13.2000027 -0.00736196665
  13.8000031 -0.00348341907
  14.4000034 -0.000909938768
  15.0000038  0.000438208779
  15.6000042  0.00091702526
  16.2000046  0.000889683841
  16.800005  0.000659624056
  17.4000053  0.00038555736
  18.0000057  0.000180757997
  18.6000061  3.08644667E-005
  19.2000065 -2.05466422E-005
  19.8000069 -6.72891765E-005
  20.4000072 -2.97112947E-005
  21.0000076 -6.24809109E-005
  21.600008  1.72225355E-005
  22.2000084 -6.05986752E-005
  22.8000088  7.0281807E-005
  23.4000092 -9.71067057E-005
  24.0000095  0.000140126445
  24.6000099 -0.000186707432
  25.2000103  0.000263781461
  25.8000107 -0.000360828097
  26.4000111  0.000500822091
  27.0000114 -0.000691241468
  27.6000118  0.000956083764
  28.2000122 -0.00132052868
  28.8000126  0.00182743953
  29.400013 -0.00252132257
