  0.  6.
  0.649999976  5.43597126
  1.29999995  4.89510393
  1.94999993  4.35649347
  2.5999999  3.82966256
  3.25  3.31639719
  3.9000001  2.81975222
  4.55000019  2.34349632
  5.20000029  1.8925631
  5.85000038  1.47334492
  6.50000048  1.09392774
  7.15000057  0.76388073
  7.80000067  0.492851108
  8.45000076  0.287078142
  9.10000038  0.144806638
  9.75  0.0557384081
  10.3999996  0.00656097382
  11.0499992 -0.0154968472
  11.6999989 -0.0208773408
  12.3499985 -0.0178579446
  12.9999981 -0.0117082438
  13.6499977 -0.00608503306
  14.2999973 -0.00170837482
  14.9499969  0.000257856009
  15.5999966  0.00167752767
  16.2499962  0.00094786461
  16.8999958  0.00172637776
  17.5499954 -0.000371554139
  18.199995  0.0017365393
  18.8499947 -0.00212045759
  19.4999943  0.00313717942
  20.1499939 -0.00481764134
  20.7999935  0.00692240894
  21.4499931 -0.0103408881
  22.0999928  0.0153266089
  22.7499924 -0.022349447
  23.399992  0.0337846279
  24.0499916 -0.0482304022
  24.6999912  0.0749902353
  25.3499908 -0.102815479
  25.9999905  0.169786736
  26.6499901 -0.213220015
  27.2999897  0.402258962
  27.9499893 -0.417312562
  28.5999889  1.06280506
  29.2499886 -0.72448808
  29.8999882  3.82930946
