  0.  6.
  0.699999988  5.39205599
  1.39999998  4.81107807
  2.0999999  4.23297548
  2.79999995  3.66910148
  3.5  3.12187028
  4.19999981  2.59544563
  4.89999962  2.0950973
  5.59999943  1.62787008
  6.29999924  1.2029835
  6.99999905  0.831898689
  7.69999886  0.527006805
  8.39999866  0.297349662
  9.09999847  0.141763702
  9.79999828  0.0472269356
  10.4999981 -0.00252064294
  11.1999979 -0.0227602534
  11.8999977 -0.0252595786
  12.5999975 -0.0198173355
  13.2999973 -0.0114887143
  13.9999971 -0.00538287265
  14.6999969  7.539941E-005
  15.3999968  0.000528608449
  16.0999966  0.00368290138
  16.7999973 -0.000767360558
  17.4999981  0.00507508731
  18.1999989 -0.0056378711
  18.8999996  0.00990672689
  19.6000004 -0.0152990595
  20.3000011  0.0241546929
  21.0000019 -0.0374825224
  21.7000027  0.0609313659
  22.4000034 -0.0905020908
  23.1000042  0.156473294
  23.800005 -0.212463289
  24.5000057  0.424310684
  25.2000065 -0.465165079
  25.9000072  1.35838282
  26.600008 -0.874156713
  27.3000088  10.2659912
  28.0000095 -1.137887
  28.7000103 -6.55292892
  29.4000111  2.71033716
