  0.  6.
  0.75  5.3480711
  1.5  4.72722054
  2.25  4.1099782
  3.  3.50976062
  3.75  2.92978263
  4.5  2.37564301
  5.25  1.85460818
  6.  1.37656486
  6.75  0.954441667
  7.5  0.603494227
  8.25  0.337050259
  9.  0.157207042
  9.75  0.0492874235
  10.5 -0.00645912811
  11.25 -0.0281368252
  12. -0.0296905749
  12.75 -0.0223432556
  13.5 -0.0122474749
  14.25 -0.00497999182
  15.  0.00106879463
  15.75  0.00125944137
  16.5  0.00472782319
  17.25 -0.00124449516
  18.  0.00673954468
  18.75 -0.00870034657
  19.5  0.0154408896
  20.25 -0.0255541317
  21.  0.0431739427
  21.75 -0.0696476847
  22.5  0.124393597
  23.25 -0.184886739
  24.  0.377442122
  24.75 -0.456791759
  25.5  1.38572276
  26.25 -0.952421427
  27.  30.5763206
  27.75 -1.33860207
  28.5  9.19731331
  29.25  13.0481415
  30.  10.0428295
