  0.  6.
  0.610000014  5.47105265
  1.22000003  4.96244144
  1.83000004  4.45566654
  2.44000006  3.95893908
  3.05000019  3.47364569
  3.66000032  3.00214386
  4.27000046  2.54728222
  4.88000059  2.11272502
  5.49000072  1.70315754
  6.10000086  1.32450449
  6.71000099  0.983993232
  7.32000113  0.689733624
  7.93000126  0.449240893
  8.54000092  0.26651448
  9.15000057  0.138971776
  9.76000023  0.0577497706
  10.3699999  0.011636938
  10.9799995 -0.0102179125
  11.5899992 -0.0168936681
  12.1999989 -0.0155406473
  12.8099985 -0.0109489346
  13.4199982 -0.00622003013
  14.0299978 -0.00246022828
  14.6399975 -0.000334495504
  15.2499971  0.000882810331
  15.8599968  0.000902951055
  16.4699974  0.00108253385
  17.079998  0.000325837027
  17.6899986  0.00069740566
  18.2999992 -0.000415077317
  18.9099998  0.000743074517
  19.5200005 -0.00109453057
  20.1300011  0.00140144245
  20.7400017 -0.00209565763
  21.3500023  0.00284218136
  21.9600029 -0.00403121486
  22.5700035  0.005645453
  23.1800041 -0.00787015352
  23.7900047  0.0111253997
  24.4000053 -0.0154004162
  25.010006  0.0219445247
  25.6200066 -0.0300471634
  26.2300072  0.0434846468
  26.8400078 -0.0582477711
  27.4500084  0.086946927
  28.060009 -0.111521125
  28.6700096  0.176931381
  29.2800102 -0.208403409
  29.8900108  0.372758955
