  0.  6.
  0.5  5.5672884
  1.  5.14812946
  1.5  4.72993946
  2.  4.317945
  2.5  3.91279125
  3.  3.51555991
  3.5  3.12748742
  4.  2.75008416
  4.5  2.38519502
  5.  2.03507733
  5.5  1.70248461
  6.  1.39073563
  6.5  1.10372758
  7.  0.84580791
  7.5  0.621370018
  8.  0.434037566
  8.5  0.285491109
  9.  0.174453288
  9.5  0.0966663957
  10.  0.0460171178
  10.5  0.0159000941
  11.  0.000168722123
  11.5 -0.00634508533
  12. -0.0076164077
  12.5 -0.00641149469
  13. -0.00444068853
  13.5 -0.00259562815
  14. -0.00122730783
  14.5 -0.000370626687
  15.  7.25129503E-005
  15.5  0.000243649149
  16.  0.000257949112
  16.5  0.000207402481
  17.  0.000136130693
  17.5  7.84367148E-005
  18.  3.24385837E-005
  18.5  1.03755265E-005
  19. -6.77764001E-006
  19.5 -5.8433011E-006
  20. -1.19653614E-005
  20.5 -2.45434967E-006
  21. -9.04383069E-006
  21.5  3.52847837E-006
  22. -7.81672225E-006
  22.5  8.05048239E-006
  23. -9.58095097E-006
  23.5  1.19589013E-005
  24. -1.3606109E-005
  24.5  1.67494654E-005
  25. -1.95853936E-005
  25.5  2.3552715E-005
  26. -2.79598135E-005
  26.5  3.33458338E-005
  27. -3.97355652E-005
  27.5  4.73265936E-005
  28. -5.64072652E-005
  28.5  6.71961025E-005
  29. -8.00681009E-005
  29.5  9.54032148E-005
  30. -0.000113661197
