  0.  6.
  0.00999999978  5.99142694
  0.0199999996  5.98285913
  0.0299999993  5.97429132
  0.0399999991  5.96572495
  0.049999997  5.95716047
  0.0599999949  5.94859791
  0.0699999928  5.94003725
  0.0799999908  5.93147802
  0.0899999887  5.9229207
  0.0999999866  5.91436529
  0.109999985  5.90581179
  0.119999982  5.89725971
  0.12999998  5.88870955
  0.139999986  5.88016129
  0.149999991  5.87161493
  0.159999996  5.86307001
  0.170000002  5.854527
  0.180000007  5.84598589
  0.190000013  5.83744669
  0.200000018  5.8289094
  0.210000023  5.82037354
  0.220000029  5.81183958
  0.230000034  5.80330753
  0.240000039  5.79477739
  0.25000003  5.78624916
  0.26000002  5.77772284
  0.270000011  5.76919842
  0.280000001  5.76067591
  0.289999992  5.75215483
  0.299999982  5.74363565
  0.309999973  5.73511839
  0.319999963  5.72660303
  0.329999954  5.71808958
  0.339999944  5.70957804
  0.349999934  5.7010684
  0.359999925  5.69256067
  0.369999915  5.68405485
  0.379999906  5.67555094
  0.389999896  5.66704893
  0.399999887  5.65854883
  0.409999877  5.65005064
  0.419999868  5.64155436
  0.429999858  5.63305998
  0.439999849  5.62456751
  0.449999839  5.61607695
  0.45999983  5.60758829
  0.46999982  5.59910154
  0.47999981  5.5906167
  0.489999801  5.58213425
  0.499999791  5.5736537
  0.509999812  5.56517506
  0.519999802  5.55669832
  0.529999793  5.5482235
  0.539999783  5.53975058
  0.549999774  5.53127956
  0.559999764  5.52281046
  0.569999754  5.51434374
  0.579999745  5.50587893
  0.589999735  5.49741602
  0.599999726  5.48895502
  0.609999716  5.48049593
  0.619999707  5.47203922
  0.629999697  5.46358442
  0.639999688  5.45513153
  0.649999678  5.44668055
  0.659999669  5.43823195
  0.669999659  5.42978525
  0.67999965  5.42134047
  0.68999964  5.41289759
  0.69999963  5.40445709
  0.709999621  5.39601851
  0.719999611  5.38758183
  0.729999602  5.37914753
  0.739999592  5.37071514
  0.749999583  5.36228466
  0.759999573  5.35385656
  0.769999564  5.34543037
  0.779999554  5.33700609
  0.789999545  5.32858419
  0.799999535  5.3201642
  0.809999526  5.3117466
  0.819999516  5.3033309
  0.829999506  5.29491758
  0.839999497  5.28650618
  0.849999487  5.27809668
  0.859999478  5.26968956
  0.869999468  5.26128435
  0.879999459  5.25288153
  0.889999449  5.24448061
  0.89999944  5.23608208
  0.90999943  5.22768545
  0.919999421  5.21929121
  0.929999411  5.21089935
  0.939999402  5.2025094
  0.949999392  5.19412184
  0.959999382  5.18573618
  0.969999373  5.17735291
  0.979999363  5.16897154
  0.989999354  5.16059256
  0.999999344  5.15221596
  1.00999939  5.14384127
  1.01999938  5.13546896
  1.02999938  5.12709904
  1.03999937  5.11873102
  1.04999936  5.11036539
  1.05999935  5.10200214
  1.06999934  5.0936408
  1.07999933  5.08528185
  1.08999932  5.07692528
  1.09999931  5.06857109
  1.1099993  5.06021881
  1.11999929  5.05186892
  1.12999928  5.0435214
  1.13999927  5.03517628
  1.14999926  5.02683306
  1.15999925  5.01849222
  1.16999924  5.01015377
  1.17999923  5.0018177
  1.18999922  4.99348402
  1.19999921  4.98515272
  1.2099992  4.97682333
  1.21999919  4.96849632
  1.22999918  4.9601717
  1.23999918  4.95184946
  1.24999917  4.94352961
  1.25999916  4.93521214
  1.26999915  4.92689705
  1.27999914  4.91858435
  1.28999913  4.91027403
  1.29999912  4.90196609
  1.30999911  4.89366055
  1.3199991  4.88535738
  1.32999909  4.8770566
  1.33999908  4.8687582
  1.34999907  4.86046219
  1.35999906  4.85216856
  1.36999905  4.84387732
  1.37999904  4.83558846
  1.38999903  4.82730198
  1.39999902  4.81901789
  1.40999901  4.81073618
  1.419999  4.80245733
  1.42999899  4.79418087
  1.43999898  4.78590679
  1.44999897  4.7776351
  1.45999897  4.76936579
  1.46999896  4.76109886
  1.47999895  4.7528348
  1.48999894  4.74457312
  1.49999893  4.73631382
  1.50999892  4.72805691
  1.51999891  4.71980286
  1.5299989  4.71155119
  1.53999889  4.70330191
  1.54999888  4.69505548
  1.55999887  4.68681145
  1.56999886  4.67856979
  1.57999885  4.670331
  1.58999884  4.66209459
  1.59999883  4.65386057
  1.60999882  4.64562941
  1.61999881  4.63740063
  1.6299988  4.62917471
  1.63999879  4.62095118
  1.64999878  4.61273003
  1.65999877  4.60451174
  1.66999876  4.59629583
  1.67999876  4.58808279
  1.68999875  4.57987213
  1.69999874  4.57166433
  1.70999873  4.56345892
  1.71999872  4.55525637
  1.72999871  4.54705667
  1.7399987  4.53885937
  1.74999869  4.53066492
  1.75999868  4.52247286
  1.76999867  4.51428366
  1.77999866  4.50609732
  1.78999865  4.49791336
  1.79999864  4.48973227
  1.80999863  4.48155403
  1.81999862  4.47337818
  1.82999861  4.46520519
  1.8399986  4.45703506
  1.84999859  4.4488678
  1.85999858  4.44070292
  1.86999857  4.43254089
  1.87999856  4.42438173
  1.88999856  4.41622543
  1.89999855  4.40807152
  1.90999854  4.39992046
  1.91999853  4.39177227
  1.92999852  4.38362694
  1.93999851  4.37548447
  1.9499985  4.36734486
  1.95999849  4.35920811
  1.96999848  4.35107422
  1.97999847  4.34294319
  1.98999846  4.33481503
  1.99999845  4.32668972
  2.00999856  4.3185668
  2.01999855  4.31044722
  2.02999854  4.30233049
  2.03999853  4.29421663
  2.04999852  4.28610563
  2.05999851  4.27799749
  2.0699985  4.26989222
  2.07999849  4.2617898
  2.08999848  4.25369024
  2.09999847  4.24559355
  2.10999846  4.23749971
  2.11999846  4.22940922
  2.12999845  4.22132158
  2.13999844  4.21323681
  2.14999843  4.2051549
  2.15999842  4.19707632
  2.16999841  4.18900061
  2.1799984  4.18092775
  2.18999839  4.17285776
  2.19999838  4.16479111
  2.20999837  4.15672731
  2.21999836  4.14866638
  2.22999835  4.14060879
  2.23999834  4.13255405
  2.24999833  4.12450218
  2.25999832  4.11645365
  2.26999831  4.10840797
  2.2799983  4.10036564
  2.28999829  4.09232616
  2.29999828  4.08429003
  2.30999827  4.07625675
  2.31999826  4.06822681
  2.32999825  4.06019974
  2.33999825  4.052176
  2.34999824  4.0441556
  2.35999823  4.03613806
  2.36999822  4.02812386
  2.37999821  4.02011251
  2.3899982  4.01210451
  2.39999819  4.00409985
  2.40999818  3.99609828
  2.41999817  3.98809981
  2.42999816  3.98010468
  2.43999815  3.97211266
  2.44999814  3.96412396
  2.45999813  3.95613837
  2.46999812  3.94815612
  2.47999811  3.9401772
  2.4899981  3.93220139
  2.49999809  3.92422891
  2.50999808  3.91625977
  2.51999807  3.90829396
  2.52999806  3.90033126
  2.53999805  3.89237189
  2.54999804  3.88441586
  2.55999804  3.87646317
  2.56999803  3.86851382
  2.57999802  3.86056781
  2.58999801  3.85262513
  2.599998  3.84468579
  2.60999799  3.83675003
  2.61999798  3.82881761
  2.62999797  3.82088852
  2.63999796  3.81296277
  2.64999795  3.8050406
  2.65999794  3.79712176
  2.66999793  3.78920627
  2.67999792  3.78129435
  2.68999791  3.77338576
  2.6999979  3.76548076
  2.70999789  3.75757909
  2.71999788  3.749681
  2.72999787  3.74178648
  2.73999786  3.7338953
  2.74999785  3.7260077
  2.75999784  3.71812367
  2.76999784  3.71024323
  2.77999783  3.70236635
  2.78999782  3.69449306
  2.79999781  3.68662333
  2.8099978  3.67875719
  2.81999779  3.67089462
  2.82999778  3.66303563
  2.83999777  3.65518022
  2.84999776  3.64732838
  2.85999775  3.63948011
  2.86999774  3.63163543
  2.87999773  3.62379456
  2.88999772  3.61595726
  2.89999771  3.60812378
  2.9099977  3.60029387
  2.91999769  3.59246778
  2.92999768  3.58464527
  2.93999767  3.57682657
  2.94999766  3.56901145
  2.95999765  3.56120014
  2.96999764  3.55339265
  2.97999763  3.54558873
  2.98999763  3.53778863
  2.99999762  3.52999234
  3.00999761  3.52219987
  3.0199976  3.51441121
  3.02999759  3.50662637
  3.03999758  3.49884534
  3.04999757  3.49106812
  3.05999756  3.48329473
  3.06999755  3.47552514
  3.07999754  3.46775961
  3.08999753  3.45999789
  3.09999752  3.45223999
  3.10999751  3.44448614
  3.1199975  3.43673611
  3.12999749  3.42899013
  3.13999748  3.42124796
  3.14999747  3.41350985
  3.15999746  3.40577555
  3.16999745  3.3980453
  3.17999744  3.39031911
  3.18999743  3.38259697
  3.19999743  3.37487864
  3.20999742  3.36716437
  3.21999741  3.35945415
  3.2299974  3.35174799
  3.23999739  3.34404588
  3.24999738  3.33634782
  3.25999737  3.32865381
  3.26999736  3.3209641
  3.27999735  3.31327844
  3.28999734  3.30559683
  3.29999733  3.29791951
  3.30999732  3.29024625
  3.31999731  3.28257704
  3.3299973  3.27491212
  3.33999729  3.26725125
  3.34999728  3.25959468
  3.35999727  3.2519424
  3.36999726  3.24429417
  3.37999725  3.23665023
  3.38999724  3.22901058
  3.39999723  3.22137523
  3.40999722  3.21374416
  3.41999722  3.20611739
  3.42999721  3.19849491
  3.4399972  3.19087672
  3.44999719  3.18326283
  3.45999718  3.17565322
  3.46999717  3.16804814
  3.47999716  3.16044736
  3.48999715  3.15285087
  3.49999714  3.1452589
  3.50999713  3.13767123
  3.51999712  3.13008809
  3.52999711  3.12250948
  3.5399971  3.11493516
  3.54999709  3.10736537
  3.55999708  3.09980011
  3.56999707  3.09223938
  3.57999706  3.08468294
  3.58999705  3.07713103
  3.59999704  3.06958365
  3.60999703  3.06204104
  3.61999702  3.05450296
  3.62999701  3.04696941
  3.63999701  3.03944039
  3.649997  3.0319159
  3.65999699  3.02439618
  3.66999698  3.01688099
  3.67999697  3.00937057
  3.68999696  3.00186467
  3.69999695  2.99436355
  3.70999694  2.98686719
  3.71999693  2.97937536
  3.72999692  2.9718883
  3.73999691  2.96440601
  3.7499969  2.95692849
  3.75999689  2.94945574
  3.76999688  2.94198775
  3.77999687  2.93452454
  3.78999686  2.92706609
  3.79999685  2.91961265
  3.80999684  2.91216397
  3.81999683  2.90472007
  3.82999682  2.89728117
  3.83999681  2.88984704
  3.84999681  2.88241792
  3.8599968  2.87499356
  3.86999679  2.86757421
  3.87999678  2.86015987
  3.88999677  2.85275054
  3.89999676  2.84534621
  3.90999675  2.83794689
  3.91999674  2.83055258
  3.92999673  2.82316327
  3.93999672  2.81577897
  3.94999671  2.80839968
  3.9599967  2.80102539
  3.96999669  2.79365635
  3.97999668  2.78629231
  3.98999667  2.77893353
  3.99999666  2.77157974
  4.00999689  2.76423097
  4.01999712  2.75688744
  4.02999735  2.74954915
  4.03999758  2.74221587
  4.04999781  2.73488784
  4.05999804  2.72756505
  4.06999826  2.72024751
  4.07999849  2.71293545
  4.08999872  2.70562863
  4.09999895  2.69832706
  4.10999918  2.69103074
  4.11999941  2.6837399
  4.12999964  2.67645431
  4.13999987  2.66917419
  4.1500001  2.66189957
  4.16000032  2.65463018
  4.17000055  2.64736629
  4.18000078  2.64010787
  4.19000101  2.63285494
  4.20000124  2.62560749
  4.21000147  2.61836553
  4.2200017  2.61112905
  4.23000193  2.60389805
  4.24000216  2.59667277
  4.25000238  2.58945298
  4.26000261  2.58223867
  4.27000284  2.57503009
  4.28000307  2.56782722
  4.2900033  2.56062984
  4.30000353  2.55343819
  4.31000376  2.54625225
  4.32000399  2.53907204
  4.33000422  2.53189754
  4.34000444  2.52472878
  4.35000467  2.51756573
  4.3600049  2.5104084
  4.37000513  2.50325704
  4.38000536  2.49611139
  4.39000559  2.48897147
  4.40000582  2.48183751
  4.41000605  2.47470951
  4.42000628  2.46758723
  4.4300065  2.46047091
  4.44000673  2.45336056
  4.45000696  2.44625616
  4.46000719  2.43915772
  4.47000742  2.43206525
  4.48000765  2.42497873
  4.49000788  2.41789842
  4.50000811  2.41082406
  4.51000834  2.40375566
  4.52000856  2.39669347
  4.53000879  2.38963747
  4.54000902  2.38258743
  4.55000925  2.37554359
  4.56000948  2.36850595
  4.57000971  2.36147451
  4.58000994  2.35444927
  4.59001017  2.34743023
  4.6000104  2.34041739
  4.61001062  2.33341098
  4.62001085  2.32641077
  4.63001108  2.31941676
  4.64001131  2.31242919
  4.65001154  2.30544806
  4.66001177  2.29847312
  4.670012  2.29150462
  4.68001223  2.28454256
  4.69001245  2.27758694
  4.70001268  2.27063775
  4.71001291  2.26369524
  4.72001314  2.25675917
  4.73001337  2.24982953
  4.7400136  2.24290657
  4.75001383  2.23599005
  4.76001406  2.2290802
  4.77001429  2.22217703
  4.78001451  2.21528029
  4.79001474  2.20839024
  4.80001497  2.20150685
  4.8100152  2.19463015
  4.82001543  2.18776035
  4.83001566  2.18089724
  4.84001589  2.17404079
  4.85001612  2.16719127
  4.86001635  2.16034842
  4.87001657  2.15351248
  4.8800168  2.14668345
  4.89001703  2.13986135
  4.90001726  2.13304615
  4.91001749  2.12623787
  4.92001772  2.1194365
  4.93001795  2.11264205
  4.94001818  2.10585451
  4.95001841  2.09907413
  4.96001863  2.09230065
  4.97001886  2.08553433
  4.98001909  2.07877517
  4.99001932  2.07202315
  5.00001955  2.06527829
  5.01001978  2.05854058
  5.02002001  2.05181003
  5.03002024  2.04508662
  5.04002047  2.03837037
  5.05002069  2.03166151
  5.06002092  2.0249598
  5.07002115  2.01826549
  5.08002138  2.01157856
  5.09002161  2.00489902
  5.10002184  1.99822676
  5.11002207  1.99156189
  5.1200223  1.98490453
  5.13002253  1.97825456
  5.14002275  1.9716121
  5.15002298  1.96497715
  5.16002321  1.9583497
  5.17002344  1.95172989
  5.18002367  1.94511759
  5.1900239  1.93851292
  5.20002413  1.93191588
  5.21002436  1.92532647
  5.22002459  1.9187448
  5.23002481  1.91217077
  5.24002504  1.90560448
  5.25002527  1.89904594
  5.2600255  1.89249527
  5.27002573  1.88595235
  5.28002596  1.8794173
  5.29002619  1.87289011
  5.30002642  1.8663708
  5.31002665  1.85985935
  5.32002687  1.85335588
  5.3300271  1.84686041
  5.34002733  1.84037292
  5.35002756  1.83389342
  5.36002779  1.82742202
  5.37002802  1.82095873
  5.38002825  1.81450355
  5.39002848  1.80805647
  5.40002871  1.8016175
  5.41002893  1.79518676
  5.42002916  1.78876424
  5.43002939  1.78234994
  5.44002962  1.77594388
  5.45002985  1.76954615
  5.46003008  1.76315677
  5.47003031  1.75677574
  5.48003054  1.75040305
  5.49003077  1.7440387
  5.50003099  1.73768282
  5.51003122  1.7313354
  5.52003145  1.72499645
  5.53003168  1.71866608
  5.54003191  1.71234429
  5.55003214  1.70603096
  5.56003237  1.69972634
  5.5700326  1.6934303
  5.58003283  1.68714297
  5.59003305  1.68086433
  5.60003328  1.6745944
  5.61003351  1.66833317
  5.62003374  1.66208076
  5.63003397  1.65583706
  5.6400342  1.64960229
  5.65003443  1.64337635
  5.66003466  1.63715923
  5.67003489  1.63095105
  5.68003511  1.62475181
  5.69003534  1.61856163
  5.70003557  1.61238039
  5.7100358  1.60620821
  5.72003603  1.60004508
  5.73003626  1.59389102
  5.74003649  1.58774614
  5.75003672  1.58161044
  5.76003695  1.57548392
  5.77003717  1.56936657
  5.7800374  1.56325853
  5.79003763  1.55715966
  5.80003786  1.55107009
  5.81003809  1.54498994
  5.82003832  1.53891909
  5.83003855  1.53285766
  5.84003878  1.52680564
  5.85003901  1.52076304
  5.86003923  1.51472998
  5.87003946  1.50870645
  5.88003969  1.50269246
  5.89003992  1.49668801
  5.90004015  1.49069321
  5.91004038  1.48470807
  5.92004061  1.47873259
  5.93004084  1.47276676
  5.94004107  1.4668107
  5.95004129  1.46086442
  5.96004152  1.45492792
  5.97004175  1.44900131
  5.98004198  1.44308448
  5.99004221  1.43717754
  6.00004244  1.43128049
  6.01004267  1.42539346
  6.0200429  1.41951644
  6.03004313  1.41364944
  6.04004335  1.40779245
  6.05004358  1.40194547
  6.06004381  1.39610863
  6.07004404  1.39028192
  6.08004427  1.38446546
  6.0900445  1.37865913
  6.10004473  1.37286305
  6.11004496  1.36707723
  6.12004519  1.36130178
  6.13004541  1.35553658
  6.14004564  1.34978175
  6.15004587  1.34403741
  6.1600461  1.33830345
  6.17004633  1.33257997
  6.18004656  1.32686698
  6.19004679  1.32116449
  6.20004702  1.3154726
  6.21004725  1.30979133
  6.22004747  1.30412066
  6.2300477  1.2984606
  6.24004793  1.29281127
  6.25004816  1.28717268
  6.26004839  1.2815448
  6.27004862  1.27592766
  6.28004885  1.27032137
  6.29004908  1.26472592
  6.3000493  1.25914133
  6.31004953  1.2535677
  6.32004976  1.24800503
  6.33004999  1.24245334
  6.34005022  1.23691261
  6.35005045  1.23138297
  6.36005068  1.22586441
  6.37005091  1.22035694
  6.38005114  1.21486068
  6.39005136  1.2093755
  6.40005159  1.20390153
  6.41005182  1.19843888
  6.42005205  1.19298744
  6.43005228  1.18754733
  6.44005251  1.18211854
  6.45005274  1.17670119
  6.46005297  1.17129517
  6.4700532  1.16590059
  6.48005342  1.16051757
  6.49005365  1.155146
  6.50005388  1.149786
  6.51005411  1.14443755
  6.52005434  1.13910067
  6.53005457  1.13377547
  6.5400548  1.12846196
  6.55005503  1.12316012
  6.56005526  1.11786997
  6.57005548  1.11259162
  6.58005571  1.10732508
  6.59005594  1.10207033
  6.60005617  1.09682751
  6.6100564  1.09159648
  6.62005663  1.08637738
  6.63005686  1.08117032
  6.64005709  1.07597518
  6.65005732  1.07079208
  6.66005754  1.06562102
  6.67005777  1.06046212
  6.680058  1.05531526
  6.69005823  1.05018055
  6.70005846  1.04505813
  6.71005869  1.03994787
  6.72005892  1.03484988
  6.73005915  1.02976418
  6.74005938  1.02469075
  6.7500596  1.01962972
  6.76005983  1.01458108
  6.77006006  1.00954485
  6.78006029  1.00452101
  6.79006052  0.999509633
  6.80006075  0.99451077
  6.81006098  0.989524424
  6.82006121  0.984550655
  6.83006144  0.979589522
  6.84006166  0.974640965
  6.85006189  0.969705105
  6.86006212  0.96478194
  6.87006235  0.959871471
  6.88006258  0.954973757
  6.89006281  0.950088859
  6.90006304  0.945216775
  6.91006327  0.940357506
  6.9200635  0.935511112
  6.93006372  0.930677652
  6.94006395  0.925857127
  6.95006418  0.921049535
  6.96006441  0.916254938
  6.97006464  0.911473393
  6.98006487  0.906704903
  6.9900651  0.901949465
  7.00006533  0.897207141
  7.01006556  0.892477989
  7.02006578  0.88776201
  7.03006601  0.883059204
  7.04006624  0.878369629
  7.05006647  0.873693287
  7.0600667  0.869030237
  7.07006693  0.864380538
  7.08006716  0.859744191
  7.09006739  0.855121195
  7.10006762  0.850511611
  7.11006784  0.845915437
  7.12006807  0.841332734
  7.1300683  0.836763501
  7.14006853  0.832207799
  7.15006876  0.827665627
  7.16006899  0.823136985
  7.17006922  0.818621933
  7.18006945  0.814120531
  7.19006968  0.809632778
  7.2000699  0.805158675
  7.21007013  0.80069828
  7.22007036  0.796251595
  7.23007059  0.791818678
  7.24007082  0.78739953
  7.25007105  0.782994151
  7.26007128  0.7786026
  7.27007151  0.774224937
  7.28007174  0.769861102
  7.29007196  0.765511215
  7.30007219  0.761175215
  7.31007242  0.756853163
  7.32007265  0.752545059
  7.33007288  0.748250961
  7.34007311  0.743970871
  7.35007334  0.739704847
  7.36007357  0.73545289
  7.3700738  0.731215
  7.38007402  0.726991236
  7.39007425  0.722781599
  7.40007448  0.718586087
  7.41007471  0.714404762
  7.42007494  0.710237622
  7.43007517  0.706084669
  7.4400754  0.701945961
  7.45007563  0.697821498
  7.46007586  0.69371134
  7.47007608  0.689615488
  7.48007631  0.685533941
  7.49007654  0.681466699
  7.50007677  0.677413821
  7.510077  0.673375309
  7.52007723  0.669351161
  7.53007746  0.665341437
  7.54007769  0.661346138
  7.55007792  0.657365263
  7.56007814  0.653398871
  7.57007837  0.649446964
  7.5800786  0.645509541
  7.59007883  0.641586602
  7.60007906  0.637678206
  7.61007929  0.633784354
  7.62007952  0.629905045
  7.63007975  0.62604028
  7.64007998  0.622190118
  7.6500802  0.618354559
  7.66008043  0.614533603
  7.67008066  0.610727251
  7.68008089  0.606935561
  7.69008112  0.603158534
  7.70008135  0.599396169
  7.71008158  0.595648468
  7.72008181  0.591915429
  7.73008204  0.588197112
  7.74008226  0.584493458
  7.75008249  0.580804527
  7.76008272  0.577130318
  7.77008295  0.573470891
  7.78008318  0.569826186
  7.79008341  0.566196263
  7.80008364  0.562581062
  7.81008387  0.558980644
  7.8200841  0.555395007
  7.83008432  0.551824152
  7.84008455  0.54826808
  7.85008478  0.544726849
  7.86008501  0.541200399
  7.87008524  0.537688792
  7.88008547  0.534191966
  7.8900857  0.530709982
  7.90008593  0.527242839
  7.91008615  0.523790538
  7.92008638  0.520353019
  7.93008661  0.516930342
  7.94008684  0.513522506
  7.95008707  0.510129511
  7.9600873  0.506751359
  7.97008753  0.503388107
  7.98008776  0.500039697
  7.99008799  0.496706098
  8.00008774  0.49338752
  8.01008797  0.490083635
  8.0200882  0.486794591
  8.03008842  0.483520389
  8.04008865  0.480261028
  8.05008888  0.477016509
  8.06008911  0.473786831
  8.07008934  0.470571995
  8.08008957  0.467372
  8.0900898  0.464186817
  8.10009003  0.461016476
  8.11009026  0.457860947
  8.12009048  0.454720229
  8.13009071  0.451594323
  8.14009094  0.448483229
  8.15009117  0.445386916
  8.1600914  0.442305416
  8.17009163  0.439238697
  8.18009186  0.436186731
  8.19009209  0.433149546
  8.20009232  0.430127114
  8.21009254  0.427119434
  8.22009277  0.424126476
  8.230093  0.421148241
  8.24009323  0.418184727
  8.25009346  0.415235907
  8.26009369  0.412301779
  8.27009392  0.409382343
  8.28009415  0.406477571
  8.29009438  0.403587461
  8.3000946  0.400711983
  8.31009483  0.397851139
  8.32009506  0.395004898
  8.33009529  0.39217326
  8.34009552  0.389356196
  8.35009575  0.386553705
  8.36009598  0.383765757
  8.37009621  0.380992323
  8.38009644  0.378233403
  8.39009666  0.375488997
  8.40009689  0.372759044
  8.41009712  0.370043576
  8.42009735  0.367342532
  8.43009758  0.364655912
  8.44009781  0.361983687
  8.45009804  0.359325826
  8.46009827  0.35668233
  8.4700985  0.354053169
  8.48009872  0.351438314
  8.49009895  0.348837763
  8.50009918  0.346251458
  8.51009941  0.343679398
  8.52009964  0.341121554
  8.53009987  0.338577926
  8.5401001  0.336048454
  8.55010033  0.333533138
  8.56010056  0.331031919
  8.57010078  0.328544796
  8.58010101  0.326071739
  8.59010124  0.32361272
  8.60010147  0.321167707
  8.6101017  0.318736672
  8.62010193  0.316319615
  8.63010216  0.313916475
  8.64010239  0.311527222
  8.65010262  0.309151828
  8.66010284  0.306790292
  8.67010307  0.304442555
  8.6801033  0.302108586
  8.69010353  0.299788356
  8.70010376  0.297481835
  8.71010399  0.295188993
  8.72010422  0.292909801
  8.73010445  0.290644199
  8.74010468  0.288392186
  8.7501049  0.286153704
  8.76010513  0.283928752
  8.77010536  0.281717271
  8.78010559  0.27951923
  8.79010582  0.277334571
  8.80010605  0.275163293
  8.81010628  0.273005337
  8.82010651  0.270860672
  8.83010674  0.26872927
  8.84010696  0.266611099
  8.85010719  0.264506102
  8.86010742  0.262414247
  8.87010765  0.260335505
  8.88010788  0.258269817
  8.89010811  0.256217152
  8.90010834  0.254177481
  8.91010857  0.252150744
  8.9201088  0.250136912
  8.93010902  0.248135954
  8.94010925  0.246147811
  8.95010948  0.244172454
  8.96010971  0.242209837
  8.97010994  0.240259916
  8.98011017  0.23832266
  8.9901104  0.236398011
  9.00011063  0.234485939
  9.01011086  0.232586384
  9.02011108  0.230699316
  9.03011131  0.22882469
  9.04011154  0.226962462
  9.05011177  0.225112587
  9.060112  0.223275021
  9.07011223  0.221449703
  9.08011246  0.219636604
  9.09011269  0.21783568
  9.10011292  0.216046885
  9.11011314  0.21427016
  9.12011337  0.212505475
  9.1301136  0.21075277
  9.14011383  0.209012002
  9.15011406  0.207283124
  9.16011429  0.205566093
  9.17011452  0.203860864
  9.18011475  0.202167392
  9.19011497  0.200485617
  9.2001152  0.198815495
  9.21011543  0.197156981
  9.22011566  0.195510015
  9.23011589  0.193874553
  9.24011612  0.19225055
  9.25011635  0.190637961
  9.26011658  0.189036727
  9.27011681  0.187446803
  9.28011703  0.185868144
  9.29011726  0.184300706
  9.30011749  0.182744429
  9.31011772  0.181199253
  9.32011795  0.179665133
  9.33011818  0.178142026
  9.34011841  0.176629886
  9.35011864  0.175128654
  9.36011887  0.173638269
  9.37011909  0.172158703
  9.38011932  0.170689881
  9.39011955  0.169231772
  9.40011978  0.167784318
  9.41012001  0.166347459
  9.42012024  0.16492115
  9.43012047  0.163505331
  9.4401207  0.162099957
  9.45012093  0.160704985
  9.46012115  0.159320354
  9.47012138  0.15794602
  9.48012161  0.156581923
  9.49012184  0.155228004
  9.50012207  0.153884217
  9.5101223  0.152550519
  9.52012253  0.151226848
  9.53012276  0.149913147
  9.54012299  0.14860937
  9.55012321  0.147315472
  9.56012344  0.146031395
  9.57012367  0.144757077
  9.5801239  0.143492475
  9.59012413  0.142237529
  9.60012436  0.140992194
  9.61012459  0.139756411
  9.62012482  0.138530135
  9.63012505  0.137313306
  9.64012527  0.13610588
  9.6501255  0.134907797
  9.66012573  0.133719012
  9.67012596  0.132539466
  9.68012619  0.131369099
  9.69012642  0.130207866
  9.70012665  0.129055724
  9.71012688  0.127912611
  9.72012711  0.126778468
  9.73012733  0.125653252
  9.74012756  0.124536902
  9.75012779  0.123429373
  9.76012802  0.122330613
  9.77012825  0.121240564
  9.78012848  0.120159179
  9.79012871  0.119086407
  9.80012894  0.118022189
  9.81012917  0.116966479
  9.82012939  0.115919225
  9.83012962  0.114880368
  9.84012985  0.113849863
  9.85013008  0.112827659
  9.86013031  0.111813702
  9.87013054  0.11080794
  9.88013077  0.109810323
  9.890131  0.108820796
  9.90013123  0.107839309
  9.91013145  0.106865816
  9.92013168  0.105900258
  9.93013191  0.10494259
  9.94013214  0.10399276
  9.95013237  0.103050716
  9.9601326  0.102116413
  9.97013283  0.101189792
  9.98013306  0.100270808
  9.99013329  0.099359408
  10.0001335  0.0984555408
  10.0101337  0.0975591615
  10.020134  0.0966702178
  10.0301342  0.0957886577
  10.0401344  0.0949144363
  10.0501347  0.0940475017
  10.0601349  0.0931878015
  10.0701351  0.0923352912
  10.0801353  0.0914899185
  10.0901356  0.0906516388
  10.1001358  0.0898203999
  10.110136  0.0889961571
  10.1201363  0.0881788582
  10.1301365  0.0873684585
  10.1401367  0.0865649059
  10.1501369  0.0857681558
  10.1601372  0.0849781558
  10.1701374  0.0841948688
  10.1801376  0.0834182352
  10.1901379  0.0826482177
  10.2001381  0.0818847641
  10.2101383  0.0811278298
  10.2201385  0.0803773627
  10.2301388  0.0796333253
  10.240139  0.0788956657
  10.2501392  0.0781643391
  10.2601395  0.0774393007
  10.2701397  0.076720506
  10.2801399  0.0760079026
  10.2901402  0.0753014535
  10.3001404  0.0746011138
  10.3101406  0.0739068314
  10.3201408  0.0732185692
  10.3301411  0.0725362748
  10.3401413  0.0718599111
  10.3501415  0.0711894259
  10.3601418  0.0705247819
  10.370142  0.0698659346
  10.3801422  0.069212839
  10.3901424  0.0685654581
  10.4001427  0.0679237396
  10.4101429  0.0672876462
  10.4201431  0.0666571334
  10.4301434  0.0660321638
  10.4401436  0.0654126853
  10.4501438  0.0647986606
  10.460144  0.0641900524
  10.4701443  0.0635868162
  10.4801445  0.0629889071
  10.4901447  0.0623962879
  10.500145  0.0618089177
  10.5101452  0.0612267554
  10.5201454  0.0606497601
  10.5301456  0.0600778908
  10.5401459  0.0595111065
  10.5501461  0.0589493699
  10.5601463  0.0583926402
  10.5701466  0.0578408763
  10.5801468  0.0572940409
  10.590147  0.0567520969
  10.6001472  0.0562150031
  10.6101475  0.0556827225
  10.6201477  0.0551552139
  10.6301479  0.0546324439
  10.6401482  0.0541143715
  10.6501484  0.0536009595
  10.6601486  0.0530921705
  10.6701488  0.0525879674
  10.6801491  0.0520883128
  10.6901493  0.0515931696
  10.7001495  0.0511025041
  10.7101498  0.0506162755
  10.72015  0.0501344502
  10.7301502  0.0496569946
  10.7401505  0.0491838716
  10.7501507  0.0487150438
  10.7601509  0.0482504778
  10.7701511  0.0477901362
  10.7801514  0.0473339856
  10.7901516  0.0468819924
  10.8001518  0.0464341231
  10.8101521  0.0459903404
  10.8201523  0.0455506146
  10.8301525  0.0451149084
  10.8401527  0.0446831919
  10.850153  0.044255428
  10.8601532  0.0438315868
  10.8701534  0.0434116349
  10.8801537  0.0429955386
  10.8901539  0.0425832644
  10.9001541  0.0421747826
  10.9101543  0.0417700596
  10.9201546  0.0413690656
  10.9301548  0.0409717672
  10.940155  0.0405781344
  10.9501553  0.0401881374
  10.9601555  0.0398017429
  10.9701557  0.0394189209
  10.9801559  0.0390396416
  10.9901562  0.0386638753
  11.0001564  0.0382915922
  11.0101566  0.0379227586
  11.0201569  0.0375573486
  11.0301571  0.0371953323
  11.0401573  0.03683668
  11.0501575  0.0364813618
  11.0601578  0.0361293517
  11.070158  0.0357806198
  11.0801582  0.0354351364
  11.0901585  0.0350928754
  11.1001587  0.0347538069
  11.1101589  0.0344179049
  11.1201591  0.0340851434
  11.1301594  0.0337554924
  11.1401596  0.033428926
  11.1501598  0.0331054144
  11.1601601  0.0327849351
  11.1701603  0.0324674584
  11.1801605  0.0321529619
  11.1901608  0.0318414159
  11.200161  0.0315327942
  11.2101612  0.0312270727
  11.2201614  0.0309242252
  11.2301617  0.0306242276
  11.2401619  0.0303270537
  11.2501621  0.0300326776
  11.2601624  0.0297410768
  11.2701626  0.0294522252
  11.2801628  0.0291660987
  11.290163  0.028882673
  11.3001633  0.028601924
  11.3101635  0.0283238273
  11.3201637  0.0280483607
  11.330164  0.0277755
  11.3401642  0.0275052227
  11.3501644  0.0272375047
  11.3601646  0.0269723237
  11.3701649  0.0267096553
  11.3801651  0.0264494792
  11.3901653  0.026191771
  11.4001656  0.0259365104
  11.4101658  0.025683675
  11.420166  0.0254332423
  11.4301662  0.0251851901
  11.4401665  0.0249394979
  11.4501667  0.0246961452
  11.4601669  0.0244551096
  11.4701672  0.0242163707
  11.4801674  0.023979906
  11.4901676  0.023745697
  11.5001678  0.0235137213
  11.5101681  0.0232839603
  11.5201683  0.0230563935
  11.5301685  0.0228310004
  11.5401688  0.0226077624
  11.550169  0.0223866589
  11.5601692  0.0221676696
  11.5701694  0.0219507758
  11.5801697  0.0217359588
  11.5901699  0.0215232
  11.6001701  0.0213124789
  11.6101704  0.0211037789
  11.6201706  0.0208970793
  11.6301708  0.0206923634
  11.6401711  0.0204896126
  11.6501713  0.0202888083
  11.6601715  0.0200899318
  11.6701717  0.0198929664
  11.680172  0.0196978953
  11.6901722  0.0195046999
  11.7001724  0.0193133634
  11.7101727  0.0191238672
  11.7201729  0.0189361963
  11.7301731  0.0187503323
  11.7401733  0.0185662583
  11.7501736  0.0183839593
  11.7601738  0.0182034187
  11.770174  0.0180246178
  11.7801743  0.0178475436
  11.7901745  0.0176721774
  11.8001747  0.0174985044
  11.8101749  0.0173265096
  11.8201752  0.0171561763
  11.8301754  0.0169874895
  11.8401756  0.0168204326
  11.8501759  0.0166549925
  11.8601761  0.0164911523
  11.8701763  0.0163288973
  11.8801765  0.0161682125
  11.8901768  0.0160090849
  11.900177  0.0158514977
  11.9101772  0.0156954378
  11.9201775  0.0155408913
  11.9301777  0.0153878434
  11.9401779  0.015236279
  11.9501781  0.0150861852
  11.9601784  0.014937548
  11.9701786  0.0147903543
  11.9801788  0.0146445893
  11.9901791  0.0145002399
  12.0001793  0.014357293
  12.0101795  0.0142157357
  12.0201797  0.0140755549
  12.03018  0.0139367366
  12.0401802  0.0137992688
  12.0501804  0.0136631383
  12.0601807  0.013528333
  12.0701809  0.0133948401
  12.0801811  0.0132626463
  12.0901814  0.0131317405
  12.1001816  0.0130021097
  12.1101818  0.0128737427
  12.120182  0.0127466265
  12.1301823  0.0126207499
  12.1401825  0.0124961007
  12.1501827  0.0123726679
  12.160183  0.0122504393
  12.1701832  0.0121294037
  12.1801834  0.012009549
  12.1901836  0.0118908649
  12.2001839  0.0117733395
  12.2101841  0.0116569623
  12.2201843  0.0115417223
  12.2301846  0.0114276083
  12.2401848  0.01131461
  12.250185  0.0112027163
  12.2601852  0.0110919168
  12.2701855  0.0109822014
  12.2801857  0.0108735599
  12.2901859  0.0107659809
  12.3001862  0.0106594553
  12.3101864  0.0105539728
  12.3201866  0.0104495231
  12.3301868  0.010346096
  12.3401871  0.0102436822
  12.3501873  0.0101422723
  12.3601875  0.0100418562
  12.3701878  0.00994242448
  12.380188  0.00984396692
  12.3901882  0.00974647515
  12.4001884  0.00964993984
  12.4101887  0.00955435168
  12.4201889  0.00945970137
  12.4301891  0.00936597958
  12.4401894  0.00927317794
  12.4501896  0.00918128714
  12.4601898  0.00909029879
  12.47019  0.00900020357
  12.4801903  0.00891099405
  12.4901905  0.00882266089
  12.5001907  0.00873519573
  12.510191  0.00864859018
  12.5201912  0.00856283586
  12.5301914  0.00847792439
  12.5401917  0.00839384738
  12.5501919  0.00831059739
  12.5601921  0.00822816696
  12.5701923  0.00814654678
  12.5801926  0.00806573033
  12.5901928  0.00798570924
  12.600193  0.0079064751
  12.6101933  0.00782802142
  12.6201935  0.00775033981
  12.6301937  0.00767342327
  12.6401939  0.00759726437
  12.6501942  0.00752185564
  12.6601944  0.00744718965
  12.6701946  0.0073732594
  12.6801949  0.00730005745
  12.6901951  0.00722757727
  12.7001953  0.00715581141
  12.7101955  0.00708475336
  12.7201958  0.00701439567
  12.730196  0.00694473181
  12.7401962  0.00687575527
  12.7501965  0.00680745905
  12.7601967  0.00673983665
  12.7701969  0.00667288154
  12.7801971  0.00660658721
  12.7901974  0.00654094713
  12.8001976  0.00647595478
  12.8101978  0.00641160412
  12.8201981  0.00634788861
  12.8301983  0.00628480269
  12.8401985  0.00622233981
  12.8501987  0.00616049347
  12.860199  0.00609925855
  12.8701992  0.00603862852
  12.8801994  0.00597859733
  12.8901997  0.00591915939
  12.9001999  0.00586030912
  12.9102001  0.00580204045
  12.9202003  0.00574434781
  12.9302006  0.00568722561
  12.9402008  0.00563066825
  12.950201  0.00557467015
  12.9602013  0.00551922573
  12.9702015  0.00546432985
  12.9802017  0.00540997693
  12.990202  0.00535616186
  13.0002022  0.00530287903
  13.0102024  0.00525012333
  13.0202026  0.0051978901
  13.0302029  0.00514617376
  13.0402031  0.00509496918
  13.0502033  0.0050442717
  13.0602036  0.00499407621
  13.0702038  0.00494437758
  13.080204  0.00489517115
  13.0902042  0.0048464518
  13.1002045  0.00479821535
  13.1102047  0.00475045666
  13.1202049  0.00470317109
  13.1302052  0.00465635397
  13.1402054  0.00461000064
  13.1502056  0.00456410646
  13.1602058  0.00451866724
  13.1702061  0.0044736783
  13.1802063  0.00442913547
  13.1902065  0.00438503409
  13.2002068  0.00434136996
  13.210207  0.00429813843
  13.2202072  0.00425533578
  13.2302074  0.00421295734
  13.2402077  0.0041709994
  13.2502079  0.00412945775
  13.2602081  0.00408832775
  13.2702084  0.00404760614
  13.2802086  0.00400728825
  13.2902088  0.00396737037
  13.300209  0.00392784877
  13.3102093  0.00388871925
  13.3202095  0.00384997786
  13.3302097  0.00381162111
  13.34021  0.00377364503
  13.3502102  0.00373604591
  13.3602104  0.00369882002
  13.3702106  0.00366196362
  13.3802109  0.00362547301
  13.3902111  0.00358934491
  13.4002113  0.00355357537
  13.4102116  0.00351816113
  13.4202118  0.00348309847
  13.430212  0.00344838412
  13.4402122  0.00341401459
  13.4502125  0.00337998639
  13.4602127  0.00334629626
  13.4702129  0.00331294071
  13.4802132  0.00327991671
  13.4902134  0.00324722077
  13.5002136  0.00321484962
  13.5102139  0.00318280025
  13.5202141  0.0031510694
  13.5302143  0.00311965379
  13.5402145  0.00308855041
  13.5502148  0.00305775623
  13.560215  0.00302726822
  13.5702152  0.00299708312
  13.5802155  0.00296719815
  13.5902157  0.00293761026
  13.6002159  0.00290831667
  13.6102161  0.00287931436
  13.6202164  0.00285060029
  13.6302166  0.0028221719
  13.6402168  0.00279402616
  13.6502171  0.00276616029
  13.6602173  0.00273857149
  13.6702175  0.0027112572
  13.6802177  0.00268421462
  13.690218  0.00265744096
  13.7002182  0.00263093365
  13.7102184  0.00260469015
  13.7202187  0.00257870764
  13.7302189  0.00255298382
  13.7402191  0.00252751587
  13.7502193  0.00250230124
  13.7602196  0.00247733761
  13.7702198  0.0024526224
  13.78022  0.00242815306
  13.7902203  0.00240392727
  13.8002205  0.00237994269
  13.8102207  0.00235619675
  13.8202209  0.00233268738
  13.8302212  0.002309412
  13.8402214  0.00228636828
  13.8502216  0.00226355391
  13.8602219  0.00224096677
  13.8702221  0.00221860455
  13.8802223  0.00219646492
  13.8902225  0.00217454578
  13.9002228  0.0021528448
  13.910223  0.00213135988
  13.9202232  0.00211008894
  13.9302235  0.00208902988
  13.9402237  0.00206818059
  13.9502239  0.00204753899
  13.9602242  0.00202710298
  13.9702244  0.00200687046
  13.9802246  0.00198683958
  13.9902248  0.00196700823
  14.0002251  0.00194737432
  14.0102253  0.00192793598
  14.0202255  0.00190869137
  14.0302258  0.00188963849
  14.040226  0.00187077536
  14.0502262  0.00185210025
  14.0602264  0.00183361117
  14.0702267  0.00181530637
  14.0802269  0.001797184
  14.0902271  0.00177924219
  14.1002274  0.00176147919
  14.1102276  0.00174389314
  14.1202278  0.00172648241
  14.130228  0.00170924526
  14.1402283  0.00169217982
  14.1502285  0.00167528447
  14.1602287  0.00165855756
  14.170229  0.00164199737
  14.1802292  0.00162560225
  14.1902294  0.00160937058
  14.2002296  0.00159330072
  14.2102299  0.00157739106
  14.2202301  0.00156164006
  14.2302303  0.00154604611
  14.2402306  0.00153060758
  14.2502308  0.00151532295
  14.260231  0.00150019082
  14.2702312  0.00148520956
  14.2802315  0.00147037767
  14.2902317  0.00145569362
  14.3002319  0.00144115603
  14.3102322  0.00142676337
  14.3202324  0.00141251425
  14.3302326  0.00139840727
  14.3402328  0.00138444104
  14.3502331  0.00137061405
  14.3602333  0.001356925
  14.3702335  0.00134337251
  14.3802338  0.00132995518
  14.390234  0.00131667161
  14.4002342  0.00130352052
  14.4102345  0.00129050063
  14.4202347  0.00127761066
  14.4302349  0.00126484933
  14.4402351  0.00125221524
  14.4502354  0.00123970723
  14.4602356  0.00122732401
  14.4702358  0.00121506432
  14.4802361  0.00120292697
  14.4902363  0.0011909107
  14.5002365  0.00117901433
  14.5102367  0.00116723659
  14.520237  0.00115557644
  14.5302372  0.00114403258
  14.5402374  0.00113260385
  14.5502377  0.00112128921
  14.5602379  0.0011100875
  14.5702381  0.00109899754
  14.5802383  0.0010880183
  14.5902386  0.0010771486
  14.6002388  0.0010663874
  14.610239  0.00105573353
  14.6202393  0.00104518607
  14.6302395  0.00103474385
  14.6402397  0.00102440582
  14.6502399  0.00101417094
  14.6602402  0.00100403826
  14.6702404  0.000994006754
  14.6802406  0.000984075363
  14.6902409  0.000974243041
  14.7002411  0.000964508858
  14.7102413  0.000954871881
  14.7202415  0.000945331063
  14.7302418  0.000935885531
  14.740242  0.000926534238
  14.7502422  0.000917276309
  14.7602425  0.000908110815
  14.7702427  0.000899036822
  14.7802429  0.000890053401
  14.7902431  0.000881159678
  14.8002434  0.000872354722
  14.8102436  0.000863637717
  14.8202438  0.000855007733
  14.8302441  0.000846463896
  14.8402443  0.000838005391
  14.8502445  0.000829631288
  14.8602448  0.000821340829
  14.870245  0.000813133141
  14.8802452  0.00080500741
  14.8902454  0.00079696282
  14.9002457  0.000788998557
  14.9102459  0.000781113806
  14.9202461  0.000773307809
  14.9302464  0.000765579753
  14.9402466  0.000757928879
  14.9502468  0.000750354375
  14.960247  0.00074285554
  14.9702473  0.00073543156
  14.9802475  0.000728081737
  14.9902477  0.000720805314
  15.000248  0.000713601534
  15.0102482  0.000706469698
  15.0202484  0.000699409109
  15.0302486  0.000692419009
  15.0402489  0.000685498759
  15.0502491  0.000678647601
  15.0602493  0.000671864895
  15.0702496  0.000665149943
  15.0802498  0.000658502046
  15.09025  0.000651920564
  15.1002502  0.000645404798
  15.1102505  0.000638954109
  15.1202507  0.000632567855
  15.1302509  0.000626245397
  15.1402512  0.000619986095
  15.1502514  0.000613789307
  15.1602516  0.000607654394
  15.1702518  0.000601580774
  15.1802521  0.000595567806
  15.1902523  0.000589614909
  15.2002525  0.000583721499
  15.2102528  0.000577886938
  15.220253  0.000572110701
  15.2302532  0.000566392147
  15.2402534  0.000560730754
  15.2502537  0.00055512588
  15.2602539  0.000549577002
  15.2702541  0.000544083538
  15.2802544  0.000538644963
  15.2902546  0.000533260754
  15.3002548  0.00052793033
  15.3102551  0.000522653165
  15.3202553  0.000517428736
  15.3302555  0.000512256462
  15.3402557  0.000507135876
  15.350256  0.000502066454
  15.3602562  0.000497047673
  15.3702564  0.000492079067
  15.3802567  0.000487160083
  15.3902569  0.000482290256
  15.4002571  0.00047746909
  15.4102573  0.000472696091
  15.4202576  0.000467970764
  15.4302578  0.000463292672
  15.440258  0.000458661321
  15.4502583  0.000454076246
  15.4602585  0.000449536979
  15.4702587  0.000445043057
  15.4802589  0.000440594042
  15.4902592  0.000436189497
  15.5002594  0.000431828958
  15.5102596  0.000427511986
  15.5202599  0.000423238147
  15.5302601  0.000419007032
  15.5402603  0.000414818205
  15.5502605  0.000410671229
  15.5602608  0.000406565698
  15.570261  0.000402501173
  15.5802612  0.000398477277
  15.5902615  0.000394493603
  15.6002617  0.000390549743
  15.6102619  0.00038664529
  15.6202621  0.000382779835
  15.6302624  0.000378953031
  15.6402626  0.000375164469
  15.6502628  0.000371413771
  15.6602631  0.000367700559
  15.6702633  0.000364024454
  15.6802635  0.000360385078
  15.6902637  0.000356782082
  15.700264  0.000353215088
  15.7102642  0.000349683745
  15.7202644  0.000346187706
  15.7302647  0.000342726591
  15.7402649  0.000339300081
  15.7502651  0.000335907796
  15.7602654  0.000332549418
  15.7702656  0.000329224626
  15.7802658  0.000325933041
  15.790266  0.000322674372
  15.8002663  0.000319448271
  15.8102665  0.000316254416
  15.8202667  0.000313092489
  15.830267  0.000309962139
  15.8402672  0.000306863105
  15.8502674  0.000303795037
  15.8602676  0.000300757645
  15.8702679  0.000297750608
  15.8802681  0.000294773607
  15.8902683  0.000291826378
  15.9002686  0.000288908603
  15.9102688  0.000286019989
  15.920269  0.000283160247
  15.9302692  0.000280329084
  15.9402695  0.00027752624
  15.9502697  0.000274751394
  15.9602699  0.000272004283
  15.9702702  0.000269284646
  15.9802704  0.000266592193
  15.9902706  0.00026392666
  16.0002708  0.000261287758
  16.0102711  0.000258675223
  16.0202713  0.000256088824
  16.0302715  0.000253528269
  16.0402718  0.000250993326
  16.050272  0.000248483702
  16.0602722  0.000245999167
  16.0702724  0.000243539471
  16.0802727  0.000241104368
  16.0902729  0.00023869361
  16.1002731  0.000236306951
  16.1102734  0.000233944142
  16.1202736  0.00023160495
  16.1302738  0.000229289144
  16.140274  0.00022699649
  16.1502743  0.000224726755
  16.1602745  0.000222479706
  16.1702747  0.000220255126
  16.180275  0.000218052781
  16.1902752  0.000215872453
  16.2002754  0.000213713924
  16.2102757  0.000211576975
  16.2202759  0.000209461388
  16.2302761  0.000207366946
  16.2402763  0.000205293443
  16.2502766  0.000203240677
  16.2602768  0.00020120843
  16.270277  0.000199196496
  16.2802773  0.000197204674
  16.2902775  0.000195232773
  16.3002777  0.000193280575
  16.3102779  0.000191347906
  16.3202782  0.000189434548
  16.3302784  0.000187540325
  16.3402786  0.000185665034
  16.3502789  0.000183808501
  16.3602791  0.000181970521
  16.3702793  0.000180150921
  16.3802795  0.00017834951
  16.3902798  0.000176566115
  16.40028  0.000174800545
  16.4102802  0.000173052627
  16.4202805  0.000171322186
  16.4302807  0.000169609048
  16.4402809  0.000167913036
  16.4502811  0.000166233978
  16.4602814  0.000164571713
  16.4702816  0.000162926066
  16.4802818  0.000161296863
  16.4902821  0.000159683957
  16.5002823  0.000158087176
  16.5102825  0.000156506358
  16.5202827  0.000154941343
  16.530283  0.000153391971
  16.5402832  0.000151858098
  16.5502834  0.000150339562
  16.5602837  0.000148836203
  16.5702839  0.000147347877
  16.5802841  0.000145874437
  16.5902843  0.000144415724
  16.6002846  0.000142971592
  16.6102848  0.000141541896
  16.620285  0.000140126504
  16.6302853  0.000138725256
  16.6402855  0.000137338022
  16.6502857  0.000135964656
  16.6602859  0.000134605027
  16.6702862  0.000133258989
  16.6802864  0.000131926412
  16.6902866  0.000130607164
  16.7002869  0.000129301101
  16.7102871  0.000128008091
  16.7202873  0.000126728017
  16.7302876  0.000125460734
  16.7402878  0.000124206126
  16.750288  0.000122964062
  16.7602882  0.000121734418
  16.7702885  0.00012051707
  16.7802887  0.000119311895
  16.7902889  0.000118118769
  16.8002892  0.000116937576
  16.8102894  0.000115768191
  16.8202896  0.000114610499
  16.8302898  0.000113464383
  16.8402901  0.000112329726
  16.8502903  0.000111206413
  16.8602905  0.000110094334
  16.8702908  0.000108993372
  16.880291  0.000107903419
  16.8902912  0.000106824366
  16.9002914  0.000105756102
  16.9102917  0.00010469852
  16.9202919  0.000103651517
  16.9302921  0.000102614977
  16.9402924  0.000101588805
  16.9502926  0.000100572892
  16.9602928  9.95671362E-005
  16.970293  9.8571436E-005
  16.9802933  9.75856965E-005
  16.9902935  9.6609816E-005
  17.0002937  9.56436925E-005
  17.010294  9.46872242E-005
  17.0202942  9.37403238E-005
  17.0302944  9.28028894E-005
  17.0402946  9.18748337E-005
  17.0502949  9.09560549E-005
  17.0602951  9.00464656E-005
  17.0702953  8.91459713E-005
  17.0802956  8.82544773E-005
  17.0902958  8.73719036E-005
  17.100296  8.64981484E-005
  17.1102962  8.56331317E-005
  17.1202965  8.4776766E-005
  17.1302967  8.39289642E-005
  17.1402969  8.30896388E-005
  17.1502972  8.22587099E-005
  17.1602974  8.14360901E-005
  17.1702976  8.06216922E-005
  17.1802979  7.9815436E-005
  17.1902981  7.90172489E-005
  17.2002983  7.82270436E-005
  17.2102985  7.74447399E-005
  17.2202988  7.66702578E-005
  17.230299  7.59035174E-005
  17.2402992  7.51444459E-005
  17.2502995  7.43929631E-005
  17.2602997  7.36489965E-005
  17.2702999  7.29124658E-005
  17.2803001  7.21833057E-005
  17.2903004  7.14614362E-005
  17.3003006  7.07467843E-005
  17.3103008  7.00392775E-005
  17.3203011  6.93388429E-005
  17.3303013  6.8645415E-005
  17.3403015  6.79589211E-005
  17.3503017  6.72792958E-005
  17.360302  6.66064661E-005
  17.3703022  6.59403595E-005
  17.3803024  6.52809176E-005
  17.3903027  6.46280678E-005
  17.4003029  6.39817517E-005
  17.4103031  6.33418967E-005
  17.4203033  6.27084373E-005
  17.4303036  6.20813153E-005
  17.4403038  6.14604651E-005
  17.450304  6.08458213E-005
  17.4603043  6.02373257E-005
  17.4703045  5.96349128E-005
  17.4803047  5.90385243E-005
  17.4903049  5.84480986E-005
  17.5003052  5.78635772E-005
  17.5103054  5.72849021E-005
  17.5203056  5.67120151E-005
  17.5303059  5.61448578E-005
  17.5403061  5.55833722E-005
  17.5503063  5.50274999E-005
  17.5603065  5.44771865E-005
  17.5703068  5.39323773E-005
  17.580307  5.33930142E-005
  17.5903072  5.28590463E-005
  17.6003075  5.23304188E-005
  17.6103077  5.18070774E-005
  17.6203079  5.12889674E-005
  17.6303082  5.07760415E-005
  17.6403084  5.02682451E-005
  17.6503086  4.97655237E-005
  17.6603088  4.926783E-005
  17.6703091  4.87751131E-005
  17.6803093  4.82873256E-005
  17.6903095  4.78044167E-005
  17.7003098  4.73263353E-005
  17.71031  4.68530343E-005
  17.7203102  4.63844663E-005
  17.7303104  4.59205839E-005
  17.7403107  4.54613437E-005
  17.7503109  4.50066946E-005
  17.7603111  4.45565929E-005
  17.7703114  4.41109914E-005
  17.7803116  4.36698465E-005
  17.7903118  4.32331108E-005
  17.800312  4.28007443E-005
  17.8103123  4.23727033E-005
  17.8203125  4.19489406E-005
  17.8303127  4.15294162E-005
  17.840313  4.11140863E-005
  17.8503132  4.07029111E-005
  17.8603134  4.02958467E-005
  17.8703136  3.98928532E-005
  17.8803139  3.94938907E-005
  17.8903141  3.90989189E-005
  17.9003143  3.87078944E-005
  17.9103146  3.83207807E-005
  17.9203148  3.79375415E-005
  17.930315  3.7558133E-005
  17.9403152  3.7182519E-005
  17.9503155  3.6810663E-005
  17.9603157  3.6442525E-005
  17.9703159  3.60780687E-005
  17.9803162  3.57172576E-005
  17.9903164  3.53600517E-005
  18.0003166  3.50064183E-005
  18.0103168  3.46563211E-005
  18.0203171  3.43097272E-005
  18.0303173  3.39666003E-005
  18.0403175  3.3626904E-005
  18.0503178  3.32906056E-005
  18.060318  3.29576687E-005
  18.0703182  3.26280606E-005
  18.0803185  3.23017484E-005
  18.0903187  3.19786996E-005
  18.1003189  3.16588812E-005
  18.1103191  3.13422643E-005
  18.1203194  3.10288124E-005
  18.1303196  3.07184964E-005
  18.1403198  3.04112818E-005
  18.1503201  3.01071395E-005
  18.1603203  2.98060404E-005
  18.1703205  2.95079517E-005
  18.1803207  2.92128443E-005
  18.190321  2.89206873E-005
  18.2003212  2.86314535E-005
  18.2103214  2.83451118E-005
  18.2203217  2.80616332E-005
  18.2303219  2.77809904E-005
  18.2403221  2.75031543E-005
  18.2503223  2.72280959E-005
  18.2603226  2.69557877E-005
  18.2703228  2.66862025E-005
  18.280323  2.6419315E-005
  18.2903233  2.61550958E-005
  18.3003235  2.58935197E-005
  18.3103237  2.56345593E-005
  18.3203239  2.53781891E-005
  18.3303242  2.51243819E-005
  18.3403244  2.48731121E-005
  18.3503246  2.46243562E-005
  18.3603249  2.43780887E-005
  18.3703251  2.41342841E-005
  18.3803253  2.38929169E-005
  18.3903255  2.36539636E-005
  18.4003258  2.34174004E-005
  18.410326  2.31832018E-005
  18.4203262  2.29513462E-005
  18.4303265  2.27218097E-005
  18.4403267  2.24945688E-005
  18.4503269  2.22695999E-005
  18.4603271  2.2046881E-005
  18.4703274  2.18263904E-005
  18.4803276  2.16081044E-005
  18.4903278  2.13920011E-005
  18.5003281  2.11780589E-005
  18.5103283  2.09662558E-005
  18.5203285  2.07565718E-005
  18.5303288  2.0548985E-005
  18.540329  2.03434738E-005
  18.5503292  2.0140018E-005
  18.5603294  1.99385959E-005
  18.5703297  1.97391892E-005
  18.5803299  1.95417761E-005
  18.5903301  1.93463384E-005
  18.6003304  1.91528543E-005
  18.6103306  1.89613056E-005
  18.6203308  1.87716723E-005
  18.630331  1.85839363E-005
  18.6403313  1.83980774E-005
  18.6503315  1.82140775E-005
  18.6603317  1.80319166E-005
  18.670332  1.78515784E-005
  18.6803322  1.76730427E-005
  18.6903324  1.74962934E-005
  18.7003326  1.7321312E-005
  18.7103329  1.71480806E-005
  18.7203331  1.69765808E-005
  18.7303333  1.68067963E-005
  18.7403336  1.66387108E-005
  18.7503338  1.6472306E-005
  18.760334  1.63075656E-005
  18.7703342  1.61444714E-005
  18.7803345  1.59830088E-005
  18.7903347  1.58231614E-005
  18.8003349  1.5664913E-005
  18.8103352  1.55082471E-005
  18.8203354  1.53531473E-005
  18.8303356  1.51995991E-005
  18.8403358  1.50475862E-005
  18.8503361  1.48970939E-005
  18.8603363  1.47481069E-005
  18.8703365  1.46006096E-005
  18.8803368  1.44545875E-005
  18.890337  1.4310026E-005
  18.9003372  1.41669098E-005
  18.9103374  1.4025225E-005
  18.9203377  1.38849573E-005
  18.9303379  1.3746092E-005
  18.9403381  1.36086155E-005
  18.9503384  1.34725142E-005
  18.9603386  1.33377744E-005
  18.9703388  1.32043815E-005
  18.9803391  1.30723229E-005
  18.9903393  1.29415848E-005
  19.0003395  1.28121546E-005
  19.0103397  1.26840187E-005
  19.02034  1.25571642E-005
  19.0303402  1.24315784E-005
  19.0403404  1.23072487E-005
  19.0503407  1.21841622E-005
  19.0603409  1.20623072E-005
  19.0703411  1.19416709E-005
  19.0803413  1.18222406E-005
  19.0903416  1.17040045E-005
  19.1003418  1.15869516E-005
  19.110342  1.14710692E-005
  19.1203423  1.13563456E-005
  19.1303425  1.12427688E-005
  19.1403427  1.11303279E-005
  19.1503429  1.10190122E-005
  19.1603432  1.09088096E-005
  19.1703434  1.07997093E-005
  19.1803436  1.06916996E-005
  19.1903439  1.05847703E-005
  19.2003441  1.04789106E-005
  19.2103443  1.03741095E-005
  19.2203445  1.02703561E-005
  19.2303448  1.01676405E-005
  19.240345  1.00659527E-005
  19.2503452  9.96528161E-006
  19.2603455  9.86561736E-006
  19.2703457  9.76694992E-006
  19.2803459  9.66926928E-006
  19.2903461  9.57256543E-006
  19.3003464  9.47682838E-006
  19.3103466  9.38204903E-006
  19.3203468  9.28821737E-006
  19.3303471  9.19532431E-006
  19.3403473  9.10336075E-006
  19.3503475  9.0123167E-006
  19.3603477  8.92218304E-006
  19.370348  8.8329507E-006
  19.3803482  8.74461057E-006
  19.3903484  8.65715447E-006
  19.4003487  8.5705733E-006
  19.4103489  8.48485797E-006
  19.4203491  8.39999939E-006
  19.4303493  8.31598936E-006
  19.4403496  8.23281971E-006
  19.4503498  8.15048224E-006
  19.46035  8.06896787E-006
  19.4703503  7.98826841E-006
  19.4803505  7.90837657E-006
  19.4903507  7.82928328E-006
  19.500351  7.75098124E-006
  19.5103512  7.67346228E-006
  19.5203514  7.59671866E-006
  19.5303516  7.52074266E-006
  19.5403519  7.44552653E-006
  19.5503521  7.37106257E-006
  19.5603523  7.29734347E-006
  19.5703526  7.22436153E-006
  19.5803528  7.15210945E-006
  19.590353  7.08057996E-006
  19.6003532  7.0097658E-006
  19.6103535  6.93965967E-006
  19.6203537  6.87025477E-006
  19.6303539  6.80154426E-006
  19.6403542  6.73352088E-006
  19.6503544  6.6661778E-006
  19.6603546  6.5995082E-006
  19.6703548  6.53350526E-006
  19.6803551  6.46816261E-006
  19.6903553  6.40347344E-006
  19.7003555  6.33943091E-006
  19.7103558  6.27602913E-006
  19.720356  6.21326126E-006
  19.7303562  6.1511214E-006
  19.7403564  6.08960272E-006
  19.7503567  6.02869932E-006
  19.7603569  5.96840528E-006
  19.7703571  5.90871423E-006
  19.7803574  5.84962027E-006
  19.7903576  5.79111702E-006
  19.8003578  5.73319903E-006
  19.810358  5.67586039E-006
  19.8203583  5.61909519E-006
  19.8303585  5.56289751E-006
  19.8403587  5.5072619E-006
  19.850359  5.4521829E-006
  19.8603592  5.3976546E-006
  19.8703594  5.34367155E-006
  19.8803596  5.29022827E-006
  19.8903599  5.23731978E-006
  19.9003601  5.18494016E-006
  19.9103603  5.13308441E-006
  19.9203606  5.08174753E-006
  19.9303608  5.03092406E-006
  19.940361  4.98060899E-006
  19.9503613  4.93079688E-006
  19.9603615  4.88148316E-006
  19.9703617  4.8326624E-006
  19.9803619  4.78433003E-006
  19.9903622  4.73648106E-006
  20.0003624  4.68911048E-006
  20.0103626  4.64221375E-006
  20.0203629  4.59578587E-006
  20.0303631  4.54982228E-006
  20.0403633  4.50431844E-006
  20.0503635  4.4592698E-006
  20.0603638  4.41467182E-006
  20.070364  4.37051995E-006
  20.0803642  4.32680963E-006
  20.0903645  4.28353633E-006
  20.1003647  4.24069594E-006
  20.1103649  4.19828393E-006
  20.1203651  4.1562962E-006
  20.1303654  4.1147282E-006
  20.1403656  4.07357584E-006
  20.1503658  4.03283502E-006
  20.1603661  3.99250166E-006
  20.1703663  3.95257166E-006
  20.1803665  3.91304138E-006
  20.1903667  3.87390628E-006
  20.200367  3.83516272E-006
  20.2103672  3.79680637E-006
  20.2203674  3.7588336E-006
  20.2303677  3.72124077E-006
  20.2403679  3.6840238E-006
  20.2503681  3.64717903E-006
  20.2603683  3.61070283E-006
  20.2703686  3.57459135E-006
  20.2803688  3.53884116E-006
  20.290369  3.5034484E-006
  20.3003693  3.46840966E-006
  20.3103695  3.4337213E-006
  20.3203697  3.39937992E-006
  20.3303699  3.3653821E-006
  20.3403702  3.3317242E-006
  20.3503704  3.29840282E-006
  20.3603706  3.26541476E-006
  20.3703709  3.23275663E-006
  20.3803711  3.20042523E-006
  20.3903713  3.16841715E-006
  20.4003716  3.13672922E-006
  20.4103718  3.10535802E-006
  20.420372  3.07430059E-006
  20.4303722  3.04355376E-006
  20.4403725  3.01311456E-006
  20.4503727  2.98297982E-006
  20.4603729  2.95314635E-006
  20.4703732  2.92361119E-006
  20.4803734  2.89437162E-006
  20.4903736  2.86542445E-006
  20.5003738  2.83676673E-006
  20.5103741  2.80839549E-006
  20.5203743  2.78030802E-006
  20.5303745  2.75250159E-006
  20.5403748  2.72497323E-006
  20.550375  2.69772022E-006
  20.5603752  2.6707396E-006
  20.5703754  2.64402888E-006
  20.5803757  2.61758532E-006
  20.5903759  2.5914062E-006
  20.6003761  2.56548901E-006
  20.6103764  2.53983103E-006
  20.6203766  2.51442953E-006
  20.6303768  2.48928222E-006
  20.640377  2.4643864E-006
  20.6503773  2.43973955E-006
  20.6603775  2.41533917E-006
  20.6703777  2.39118276E-006
  20.680378  2.36726805E-006
  20.6903782  2.34359254E-006
  20.7003784  2.32015373E-006
  20.7103786  2.29694933E-006
  20.7203789  2.27397709E-006
  20.7303791  2.25123449E-006
  20.7403793  2.2287195E-006
  20.7503796  2.2064296E-006
  20.7603798  2.18436253E-006
  20.77038  2.16251624E-006
  20.7803802  2.14088845E-006
  20.7903805  2.1194769E-006
  20.8003807  2.09827954E-006
  20.8103809  2.07729408E-006
  20.8203812  2.0565185E-006
  20.8303814  2.03595073E-006
  20.8403816  2.01558873E-006
  20.8503819  1.99543047E-006
  20.8603821  1.97547365E-006
  20.8703823  1.95571647E-006
  20.8803825  1.93615688E-006
  20.8903828  1.91679283E-006
  20.900383  1.8976225E-006
  20.9103832  1.87864396E-006
  20.9203835  1.85985516E-006
  20.9303837  1.84125429E-006
  20.9403839  1.82283952E-006
  20.9503841  1.80460893E-006
  20.9603844  1.78656057E-006
  20.9703846  1.76869275E-006
  20.9803848  1.75100365E-006
  20.9903851  1.73349144E-006
  21.0003853  1.71615443E-006
  21.0103855  1.69899079E-006
  21.0203857  1.68199881E-006
  21.030386  1.6651768E-006
  21.0403862  1.64852293E-006
  21.0503864  1.63203572E-006
  21.0603867  1.61571336E-006
  21.0703869  1.59955425E-006
  21.0803871  1.5835567E-006
  21.0903873  1.56771921E-006
  21.1003876  1.55204009E-006
  21.1103878  1.53651774E-006
  21.120388  1.52115069E-006
  21.1303883  1.50593735E-006
  21.1403885  1.49087612E-006
  21.1503887  1.47596552E-006
  21.1603889  1.46120408E-006
  21.1703892  1.4465902E-006
  21.1803894  1.43212253E-006
  21.1903896  1.41779958E-006
  21.2003899  1.40361988E-006
  21.2103901  1.38958194E-006
  21.2203903  1.37568441E-006
  21.2303905  1.36192591E-006
  21.2403908  1.34830498E-006
  21.250391  1.33482024E-006
  21.2603912  1.32147034E-006
  21.2703915  1.30825401E-006
  21.2803917  1.29516991E-006
  21.2903919  1.28221666E-006
  21.3003922  1.2693929E-006
  21.3103924  1.25669737E-006
  21.3203926  1.24412884E-006
  21.3303928  1.23168604E-006
  21.3403931  1.21936762E-006
  21.3503933  1.20717243E-006
  21.3603935  1.19509923E-006
  21.3703938  1.18314676E-006
  21.380394  1.17131378E-006
  21.3903942  1.15959915E-006
  21.4003944  1.14800173E-006
  21.4103947  1.13652027E-006
  21.4203949  1.12515363E-006
  21.4303951  1.11390068E-006
  21.4403954  1.10276028E-006
  21.4503956  1.09173129E-006
  21.4603958  1.08081258E-006
  21.470396  1.07000312E-006
  21.4803963  1.05930178E-006
  21.4903965  1.04870742E-006
  21.5003967  1.03821901E-006
  21.510397  1.02783554E-006
  21.5203972  1.01755586E-006
  21.5303974  1.00737907E-006
  21.5403976  9.97304028E-007
  21.5503979  9.87329713E-007
  21.5603981  9.77455215E-007
  21.5703983  9.67679398E-007
  21.5803986  9.58001351E-007
  21.5903988  9.48420166E-007
  21.600399  9.38934761E-007
  21.6103992  9.29544228E-007
  21.6203995  9.20247658E-007
  21.6303997  9.11044026E-007
  21.6403999  9.01932481E-007
  21.6504002  8.92912055E-007
  21.6604004  8.83981841E-007
  21.6704006  8.75140927E-007
  21.6804008  8.66388405E-007
  21.6904011  8.57723421E-007
  21.7004013  8.49145124E-007
  21.7104015  8.40652604E-007
  21.7204018  8.32245007E-007
  21.730402  8.23921539E-007
  21.7404022  8.1568129E-007
  21.7504025  8.07523463E-007
  21.7604027  7.99447207E-007
  21.7704029  7.91451725E-007
  21.7804031  7.83536223E-007
  21.7904034  7.75699903E-007
  21.8004036  7.67941913E-007
  21.8104038  7.60261514E-007
  21.8204041  7.52657968E-007
  21.8304043  7.45130478E-007
  21.8404045  7.37678249E-007
  21.8504047  7.30300542E-007
  21.860405  7.22996617E-007
  21.8704052  7.15765736E-007
  21.8804054  7.08607217E-007
  21.8904057  7.01520264E-007
  21.9004059  6.94504195E-007
  21.9104061  6.8755827E-007
  21.9204063  6.80681808E-007
  21.9304066  6.73874126E-007
  21.9404068  6.67134543E-007
  21.950407  6.60462376E-007
  21.9604073  6.53856944E-007
  21.9704075  6.47317563E-007
  21.9804077  6.40843609E-007
  21.9904079  6.344344E-007
  22.0004082  6.28089253E-007
  22.0104084  6.21807601E-007
  22.0204086  6.1558876E-007
  22.0304089  6.09432107E-007
  22.0404091  6.03337014E-007
  22.0504093  5.97302915E-007
  22.0604095  5.91329126E-007
  22.0704098  5.8541508E-007
  22.08041  5.79560208E-007
  22.0904102  5.73763884E-007
  22.1004105  5.68025541E-007
  22.1104107  5.62344553E-007
  22.1204109  5.56720408E-007
  22.1304111  5.51152539E-007
  22.1404114  5.45640319E-007
  22.1504116  5.40183237E-007
  22.1604118  5.34780725E-007
  22.1704121  5.2943227E-007
  22.1804123  5.24137306E-007
  22.1904125  5.18895263E-007
  22.2004128  5.13705686E-007
  22.210413  5.08568007E-007
  22.2204132  5.03481715E-007
  22.2304134  4.98446298E-007
  22.2404137  4.93461187E-007
  22.2504139  4.88525984E-007
  22.2604141  4.83640122E-007
  22.2704144  4.78803145E-007
  22.2804146  4.74014513E-007
  22.2904148  4.69273772E-007
  22.300415  4.64580438E-007
  22.3104153  4.59934057E-007
  22.3204155  4.55334145E-007
  22.3304157  4.50780249E-007
  22.340416  4.46271883E-007
  22.3504162  4.41808595E-007
  22.3604164  4.37389957E-007
  22.3704166  4.33015515E-007
  22.3804169  4.28684814E-007
  22.3904171  4.24397427E-007
  22.4004173  4.20152929E-007
  22.4104176  4.15950865E-007
  22.4204178  4.11790836E-007
  22.430418  4.07672417E-007
  22.4404182  4.0359518E-007
  22.4504185  3.99558729E-007
  22.4604187  3.95562637E-007
  22.4704189  3.91606505E-007
  22.4804192  3.87689965E-007
  22.4904194  3.83812591E-007
  22.5004196  3.79973983E-007
  22.5104198  3.76173773E-007
  22.5204201  3.72411563E-007
  22.5304203  3.68686983E-007
  22.5404205  3.64999664E-007
  22.5504208  3.61349208E-007
  22.560421  3.57735274E-007
  22.5704212  3.54157464E-007
  22.5804214  3.50615437E-007
  22.5904217  3.47108852E-007
  22.6004219  3.43637339E-007
  22.6104221  3.40200529E-007
  22.6204224  3.36798109E-007
  22.6304226  3.33429711E-007
  22.6404228  3.30094991E-007
  22.650423  3.26793639E-007
  22.6604233  3.23525285E-007
  22.6704235  3.20289615E-007
  22.6804237  3.17086318E-007
  22.690424  3.13915052E-007
  22.7004242  3.10775505E-007
  22.7104244  3.07667364E-007
  22.7204247  3.04590316E-007
  22.7304249  3.0154402E-007
  22.7404251  2.98528192E-007
  22.7504253  2.95542549E-007
  22.7604256  2.92586748E-007
  22.7704258  2.89660505E-007
  22.780426  2.86763537E-007
  22.7904263  2.83895531E-007
  22.8004265  2.81056231E-007
  22.8104267  2.78245324E-007
  22.8204269  2.75462526E-007
  22.8304272  2.72707553E-007
  22.8404274  2.69980148E-007
  22.8504276  2.67280001E-007
  22.8604279  2.64606854E-007
  22.8704281  2.61960452E-007
  22.8804283  2.5934051E-007
  22.8904285  2.56746773E-007
  22.9004288  2.54178985E-007
  22.910429  2.51636891E-007
  22.9204292  2.49120205E-007
  22.9304295  2.46628701E-007
  22.9404297  2.44162095E-007
  22.9504299  2.41720159E-007
  22.9604301  2.39302665E-007
  22.9704304  2.36909344E-007
  22.9804306  2.34539954E-007
  22.9904308  2.32194267E-007
  23.0004311  2.29872029E-007
  23.0104313  2.27573025E-007
  23.0204315  2.25297015E-007
  23.0304317  2.2304377E-007
  23.040432  2.2081305E-007
  23.0504322  2.1860464E-007
  23.0604324  2.16418314E-007
  23.0704327  2.14253859E-007
  23.0804329  2.12111047E-007
  23.0904331  2.09989679E-007
  23.1004333  2.07889514E-007
  23.1104336  2.05810366E-007
  23.1204338  2.03752009E-007
  23.130434  2.01714229E-007
  23.1404343  1.99696842E-007
  23.1504345  1.9769962E-007
  23.1604347  1.95722379E-007
  23.170435  1.93764905E-007
  23.1804352  1.91827013E-007
  23.1904354  1.89908505E-007
  23.2004356  1.88009182E-007
  23.2104359  1.86128858E-007
  23.2204361  1.84267336E-007
  23.2304363  1.82424429E-007
  23.2404366  1.80599955E-007
  23.2504368  1.78793726E-007
  23.260437  1.7700556E-007
  23.2704372  1.75235286E-007
  23.2804375  1.73482718E-007
  23.2904377  1.71747672E-007
  23.3004379  1.70029978E-007
  23.3104382  1.68329464E-007
  23.3204384  1.66645961E-007
  23.3304386  1.64979298E-007
  23.3404388  1.63329304E-007
  23.3504391  1.61695809E-007
  23.3604393  1.60078642E-007
  23.3704395  1.58477661E-007
  23.3804398  1.56892682E-007
  23.39044  1.55323562E-007
  23.4004402  1.53770131E-007
  23.4104404  1.52232232E-007
  23.4204407  1.50709724E-007
  23.4304409  1.49202435E-007
  23.4404411  1.47710224E-007
  23.4504414  1.46232935E-007
  23.4604416  1.44770425E-007
  23.4704418  1.43322538E-007
  23.480442  1.41889132E-007
  23.4904423  1.40470064E-007
  23.5004425  1.39065193E-007
  23.5104427  1.37674363E-007
  23.520443  1.36297444E-007
  23.5304432  1.34934297E-007
  23.5404434  1.33584791E-007
  23.5504436  1.32248772E-007
  23.5604439  1.30926125E-007
  23.5704441  1.29616694E-007
  23.5804443  1.28320366E-007
  23.5904446  1.27036998E-007
  23.6004448  1.25766476E-007
  23.610445  1.24508659E-007
  23.6204453  1.23263419E-007
  23.6304455  1.22030627E-007
  23.6404457  1.20810171E-007
  23.6504459  1.19601921E-007
  23.6604462  1.18405751E-007
  23.6704464  1.17221546E-007
  23.6804466  1.16049186E-007
  23.6904469  1.1488855E-007
  23.7004471  1.13739524E-007
  23.7104473  1.12601988E-007
  23.7204475  1.11475828E-007
  23.7304478  1.10360929E-007
  23.740448  1.09257179E-007
  23.7504482  1.08164471E-007
  23.7604485  1.07082691E-007
  23.7704487  1.06011733E-007
  23.7804489  1.04951482E-007
  23.7904491  1.03901833E-007
  23.8004494  1.02862685E-007
  23.8104496  1.01833933E-007
  23.8204498  1.0081547E-007
  23.8304501  9.98071883E-008
  23.8404503  9.88089894E-008
  23.8504505  9.78207737E-008
  23.8604507  9.68424416E-008
  23.870451  9.58738937E-008
  23.8804512  9.49150376E-008
  23.8904514  9.39657667E-008
  23.9004517  9.30259887E-008
  23.9104519  9.20956111E-008
  23.9204521  9.11745417E-008
  23.9304523  9.02626809E-008
  23.9404526  8.93599434E-008
  23.9504528  8.84662299E-008
  23.960453  8.7581455E-008
  23.9704533  8.67055334E-008
  23.9804535  8.58383729E-008
  23.9904537  8.49798809E-008
  24.0004539  8.41299794E-008
  24.0104542  8.3288576E-008
  24.0204544  8.24555855E-008
  24.0304546  8.16309296E-008
  24.0404549  8.0814516E-008
  24.0504551  8.00062665E-008
  24.0604553  7.9206103E-008
  24.0704556  7.84139402E-008
  24.0804558  7.76297E-008
  24.090456  7.68533042E-008
  24.1004562  7.60846746E-008
  24.1104565  7.5323733E-008
  24.1204567  7.45704014E-008
  24.1304569  7.38246015E-008
  24.1404572  7.30862624E-008
  24.1504574  7.23553057E-008
  24.1604576  7.16316606E-008
  24.1704578  7.09152559E-008
  24.1804581  7.02060134E-008
  24.1904583  6.95038622E-008
  24.2004585  6.88087383E-008
  24.2104588  6.81205634E-008
  24.220459  6.74392737E-008
  24.2304592  6.67647981E-008
  24.2404594  6.60970656E-008
  24.2504597  6.54360122E-008
  24.2604599  6.47815739E-008
  24.2704601  6.41336797E-008
  24.2804604  6.34922657E-008
  24.2904606  6.28572607E-008
  24.3004608  6.2228608E-008
  24.310461  6.16062437E-008
  24.3204613  6.09901036E-008
  24.3304615  6.0380124E-008
  24.3404617  5.9776248E-008
  24.350462  5.91784115E-008
  24.3604622  5.85865543E-008
  24.3704624  5.80006159E-008
  24.3804626  5.74205359E-008
  24.3904629  5.68462575E-008
  24.4004631  5.62777238E-008
  24.4104633  5.5714878E-008
  24.4204636  5.51576598E-008
  24.4304638  5.46060157E-008
  24.440464  5.4059889E-008
  24.4504642  5.35192228E-008
  24.4604645  5.29839639E-008
  24.4704647  5.24540589E-008
  24.4804649  5.19294545E-008
  24.4904652  5.1410094E-008
  24.5004654  5.08959275E-008
  24.5104656  5.03869053E-008
  24.5204659  4.98829742E-008
  24.5304661  4.93840808E-008
  24.5404663  4.8890179E-008
  24.5504665  4.84012155E-008
  24.5604668  4.7917144E-008
  24.570467  4.74379114E-008
  24.5804672  4.69634713E-008
  24.5904675  4.64937777E-008
  24.6004677  4.60287808E-008
  24.6104679  4.55684344E-008
  24.6204681  4.51126922E-008
  24.6304684  4.46615083E-008
  24.6404686  4.42148362E-008
  24.6504688  4.37726335E-008
  24.6604691  4.33348539E-008
  24.6704693  4.29014513E-008
  24.6804695  4.24723829E-008
  24.6904697  4.20476063E-008
  24.70047  4.16270787E-008
  24.7104702  4.12107575E-008
  24.7204704  4.07986001E-008
  24.7304707  4.03905638E-008
  24.7404709  3.9986606E-008
  24.7504711  3.95866913E-008
  24.7604713  3.91907733E-008
  24.7704716  3.87988166E-008
  24.7804718  3.84107786E-008
  24.790472  3.80266236E-008
  24.8004723  3.76463092E-008
  24.8104725  3.72697997E-008
  24.8204727  3.68970561E-008
  24.8304729  3.65280393E-008
  24.8404732  3.61627137E-008
  24.8504734  3.58010404E-008
  24.8604736  3.54429837E-008
  24.8704739  3.50885081E-008
  24.8804741  3.47375781E-008
  24.8904743  3.43901583E-008
  24.9004745  3.4046213E-008
  24.9104748  3.37057067E-008
  24.920475  3.33686074E-008
  24.9304752  3.30348797E-008
  24.9404755  3.2704488E-008
  24.9504757  3.23774039E-008
  24.9604759  3.20535882E-008
  24.9704762  3.17330127E-008
  24.9804764  3.14156416E-008
  24.9904766  3.11014468E-008
  25.0004768  3.07903925E-008
  25.0104771  3.04824503E-008
  25.0204773  3.01775884E-008
  25.0304775  2.98757747E-008
  25.0404778  2.95769791E-008
  25.050478  2.9281173E-008
  25.0604782  2.89883246E-008
  25.0704784  2.86984054E-008
  25.0804787  2.84113852E-008
  25.0904789  2.81272357E-008
  25.1004791  2.78459282E-008
  25.1104794  2.75674346E-008
  25.1204796  2.72917262E-008
  25.1304798  2.70187748E-008
  25.14048  2.67485536E-008
  25.1504803  2.64810343E-008
  25.1604805  2.62161901E-008
  25.1704807  2.59539963E-008
  25.180481  2.56944244E-008
  25.1904812  2.54374477E-008
  25.2004814  2.51830414E-008
  25.2104816  2.49311789E-008
  25.2204819  2.46818352E-008
  25.2304821  2.44349856E-008
  25.2404823  2.41906051E-008
  25.2504826  2.39486688E-008
  25.2604828  2.3709152E-008
  25.270483  2.34720314E-008
  25.2804832  2.32372823E-008
  25.2904835  2.30048798E-008
  25.3004837  2.27748025E-008
  25.3104839  2.25470256E-008
  25.3204842  2.23215277E-008
  25.3304844  2.20982841E-008
  25.3404846  2.18772733E-008
  25.3504848  2.16584741E-008
  25.3604851  2.14418616E-008
  25.3704853  2.12274163E-008
  25.3804855  2.1015115E-008
  25.3904858  2.08049382E-008
  25.400486  2.05968629E-008
  25.4104862  2.03908677E-008
  25.4204865  2.0186933E-008
  25.4304867  1.99850376E-008
  25.4404869  1.9785162E-008
  25.4504871  1.95872865E-008
  25.4604874  1.93913898E-008
  25.4704876  1.91974525E-008
  25.4804878  1.90054532E-008
  25.4904881  1.88153741E-008
  25.5004883  1.86271976E-008
  25.5104885  1.84409021E-008
  25.5204887  1.82564701E-008
  25.530489  1.80738819E-008
  25.5404892  1.78931199E-008
  25.5504894  1.77141661E-008
  25.5604897  1.7537003E-008
  25.5704899  1.73616108E-008
  25.5804901  1.71879737E-008
  25.5904903  1.70160721E-008
  25.6004906  1.684589E-008
  25.6104908  1.66774097E-008
  25.620491  1.65106151E-008
  25.6304913  1.63454885E-008
  25.6404915  1.6182014E-008
  25.6504917  1.60201736E-008
  25.6604919  1.58599516E-008
  25.6704922  1.57013318E-008
  25.6804924  1.55442983E-008
  25.6904926  1.53888351E-008
  25.7004929  1.5234928E-008
  25.7104931  1.50825592E-008
  25.7204933  1.49317145E-008
  25.7304935  1.47823789E-008
  25.7404938  1.46345362E-008
  25.750494  1.44881724E-008
  25.7604942  1.43432723E-008
  25.7704945  1.41998218E-008
  25.7804947  1.40578056E-008
  25.7904949  1.39172096E-008
  25.8004951  1.37780205E-008
  25.8104954  1.36402232E-008
  25.8204956  1.35038043E-008
  25.8304958  1.33687497E-008
  25.8404961  1.32350451E-008
  25.8504963  1.31026781E-008
  25.8604965  1.29716353E-008
  25.8704967  1.28419027E-008
  25.880497  1.27134676E-008
  25.8904972  1.25863169E-008
  25.9004974  1.2460438E-008
  25.9104977  1.23358177E-008
  25.9204979  1.22124444E-008
  25.9304981  1.20903048E-008
  25.9404984  1.19693864E-008
  25.9504986  1.18496777E-008
  25.9604988  1.17311663E-008
  25.970499  1.16138397E-008
  25.9804993  1.14976864E-008
  25.9904995  1.13826948E-008
  26.0004997  1.12688534E-008
  26.0105  1.11561507E-008
  26.0205002  1.1044575E-008
  26.0305004  1.09341158E-008
  26.0405006  1.08247606E-008
  26.0505009  1.07164997E-008
  26.0605011  1.06093214E-008
  26.0705013  1.05032152E-008
  26.0805016  1.03981703E-008
  26.0905018  1.02941753E-008
  26.100502  1.01912203E-008
  26.1105022  1.00892956E-008
  26.1205025  9.98838967E-009
  26.1305027  9.88849358E-009
  26.1405029  9.78959669E-009
  26.1505032  9.69168834E-009
  26.1605034  9.59475965E-009
  26.1705036  9.49879997E-009
  26.1805038  9.40380041E-009
  26.1905041  9.3097503E-009
  26.2005043  9.21664078E-009
  26.2105045  9.12446296E-009
  26.2205048  9.03320707E-009
  26.230505  8.94286334E-009
  26.2405052  8.85342377E-009
  26.2505054  8.7648786E-009
  26.2605057  8.67721894E-009
  26.2705059  8.59043592E-009
  26.2805061  8.50452064E-009
  26.2905064  8.41946513E-009
  26.3005066  8.33525959E-009
  26.3105068  8.25189694E-009
  26.320507  8.1693674E-009
  26.3305073  8.08766387E-009
  26.3405075  8.00677746E-009
  26.3505077  7.9266993E-009
  26.360508  7.84742227E-009
  26.3705082  7.76893838E-009
  26.3805084  7.69123965E-009
  26.3905087  7.61431806E-009
  26.4005089  7.53816565E-009
  26.4105091  7.4627744E-009
  26.4205093  7.38813721E-009
  26.4305096  7.31424654E-009
  26.4405098  7.24109483E-009
  26.45051  7.16867499E-009
  26.4605103  7.09697945E-009
  26.4705105  7.02600067E-009
  26.4805107  6.95573199E-009
  26.4905109  6.88616586E-009
  26.5005112  6.81729562E-009
  26.5105114  6.74911416E-009
  26.5205116  6.68161437E-009
  26.5305119  6.61479005E-009
  26.5405121  6.54863408E-009
  26.5505123  6.48313936E-009
  26.5605125  6.41829967E-009
  26.5705128  6.35410879E-009
  26.580513  6.29055963E-009
  26.5905132  6.22764595E-009
  26.6005135  6.16536155E-009
  26.6105137  6.10370021E-009
  26.6205139  6.04265571E-009
  26.6305141  5.98222138E-009
  26.6405144  5.92239191E-009
  26.6505146  5.86316062E-009
  26.6605148  5.80452175E-009
  26.6705151  5.74646908E-009
  26.6805153  5.68899727E-009
  26.6905155  5.63210012E-009
  26.7005157  5.57577229E-009
  26.710516  5.52000756E-009
  26.7205162  5.46480061E-009
  26.7305164  5.41014566E-009
  26.7405167  5.35603739E-009
  26.7505169  5.30247046E-009
  26.7605171  5.24943911E-009
  26.7705173  5.19693799E-009
  26.7805176  5.14496223E-009
  26.7905178  5.09350606E-009
  26.800518  5.04256459E-009
  26.8105183  4.99213249E-009
  26.8205185  4.94220487E-009
  26.8305187  4.89277685E-009
  26.840519  4.8438431E-009
  26.8505192  4.79539874E-009
  26.8605194  4.74743889E-009
  26.8705196  4.69995864E-009
  26.8805199  4.65295313E-009
  26.8905201  4.60641791E-009
  26.9005203  4.5603481E-009
  26.9105206  4.51473881E-009
  26.9205208  4.46958559E-009
  26.930521  4.42488401E-009
  26.9405212  4.38062964E-009
  26.9505215  4.33681802E-009
  26.9605217  4.29344427E-009
  26.9705219  4.25050439E-009
  26.9805222  4.20799395E-009
  26.9905224  4.16590895E-009
  27.0005226  4.1242445E-009
  27.0105228  4.08299705E-009
  27.0205231  4.04216216E-009
  27.0305233  4.00173539E-009
  27.0405235  3.96171318E-009
  27.0505238  3.9220911E-009
  27.060524  3.88286514E-009
  27.0705242  3.84403176E-009
  27.0805244  3.80558651E-009
  27.0905247  3.76752585E-009
  27.1005249  3.72984577E-009
  27.1105251  3.69254272E-009
  27.1205254  3.6556127E-009
  27.1305256  3.61905195E-009
  27.1405258  3.5828569E-009
  27.150526  3.54702379E-009
  27.1605263  3.51154905E-009
  27.1705265  3.47642914E-009
  27.1805267  3.44166051E-009
  27.190527  3.4072396E-009
  27.2005272  3.37316286E-009
  27.2105274  3.33942696E-009
  27.2205276  3.30602856E-009
  27.2305279  3.27296412E-009
  27.2405281  3.24023031E-009
  27.2505283  3.20782401E-009
  27.2605286  3.17574167E-009
  27.2705288  3.14398019E-009
  27.280529  3.11253645E-009
  27.2905293  3.08140713E-009
  27.3005295  3.05058911E-009
  27.3105297  3.02007952E-009
  27.3205299  2.98987501E-009
  27.3305302  2.95997249E-009
  27.3405304  2.93036906E-009
  27.3505306  2.90106161E-009
  27.3605309  2.87204727E-009
  27.3705311  2.84332313E-009
  27.3805313  2.81488632E-009
  27.3905315  2.78673395E-009
  27.4005318  2.75886314E-009
  27.410532  2.73127099E-009
  27.4205322  2.70395484E-009
  27.4305325  2.6769118E-009
  27.4405327  2.65013944E-009
  27.4505329  2.62363464E-009
  27.4605331  2.59739497E-009
  27.4705334  2.57141775E-009
  27.4805336  2.54570032E-009
  27.4905338  2.52024024E-009
  27.5005341  2.49503462E-009
  27.5105343  2.47008125E-009
  27.5205345  2.44537746E-009
  27.5305347  2.42092058E-009
  27.540535  2.39670839E-009
  27.5505352  2.37273823E-009
  27.5605354  2.34900788E-009
  27.5705357  2.32551489E-009
  27.5805359  2.30225683E-009
  27.5905361  2.27923147E-009
  27.6005363  2.25643637E-009
  27.6105366  2.23386909E-009
  27.6205368  2.21152763E-009
  27.630537  2.18940954E-009
  27.6405373  2.16751261E-009
  27.6505375  2.14583484E-009
  27.6605377  2.12437379E-009
  27.6705379  2.10312745E-009
  27.6805382  2.08209361E-009
  27.6905384  2.06127004E-009
  27.7005386  2.04065476E-009
  27.7105389  2.02024575E-009
  27.7205391  2.0000408E-009
  27.7305393  1.98003791E-009
  27.7405396  1.96023509E-009
  27.7505398  1.94063032E-009
  27.76054  1.92122163E-009
  27.7705402  1.902007E-009
  27.7805405  1.88298466E-009
  27.7905407  1.86415239E-009
  27.8005409  1.84550852E-009
  27.8105412  1.82705118E-009
  27.8205414  1.80877835E-009
  27.8305416  1.79068826E-009
  27.8405418  1.77277915E-009
  27.8505421  1.75504911E-009
  27.8605423  1.73749637E-009
  27.8705425  1.72011927E-009
  27.8805428  1.70291592E-009
  27.890543  1.68588465E-009
  27.9005432  1.6690237E-009
  27.9105434  1.65233138E-009
  27.9205437  1.63580605E-009
  27.9305439  1.61944591E-009
  27.9405441  1.60324942E-009
  27.9505444  1.58721492E-009
  27.9605446  1.57134084E-009
  27.9705448  1.55562552E-009
  27.980545  1.5400673E-009
  27.9905453  1.52466473E-009
  28.0005455  1.50941615E-009
  28.0105457  1.49432011E-009
  28.020546  1.47937507E-009
  28.0305462  1.46457946E-009
  28.0405464  1.44993184E-009
  28.0505466  1.43543066E-009
  28.0605469  1.42107459E-009
  28.0705471  1.40686207E-009
  28.0805473  1.39279166E-009
  28.0905476  1.37886202E-009
  28.1005478  1.36507172E-009
  28.110548  1.35141931E-009
  28.1205482  1.33790345E-009
  28.1305485  1.32452271E-009
  28.1405487  1.31127587E-009
  28.1505489  1.29816147E-009
  28.1605492  1.28517819E-009
  28.1705494  1.2723248E-009
  28.1805496  1.25959998E-009
  28.1905499  1.24700239E-009
  28.2005501  1.23453081E-009
  28.2105503  1.22218391E-009
  28.2205505  1.20996058E-009
  28.2305508  1.19785948E-009
  28.240551  1.18587939E-009
  28.2505512  1.1740191E-009
  28.2605515  1.1622775E-009
  28.2705517  1.15065324E-009
  28.2805519  1.13914522E-009
  28.2905521  1.12775234E-009
  28.3005524  1.11647336E-009
  28.3105526  1.10530718E-009
  28.3205528  1.09425269E-009
  28.3305531  1.08330878E-009
  28.3405533  1.07247433E-009
  28.3505535  1.06174824E-009
  28.3605537  1.05112941E-009
  28.370554  1.04061681E-009
  28.3805542  1.03020936E-009
  28.3905544  1.01990594E-009
  28.4005547  1.00970565E-009
  28.4105549  9.99607286E-010
  28.4205551  9.8960995E-010
  28.4305553  9.79712644E-010
  28.4405556  9.6991426E-010
  28.4505558  9.60213908E-010
  28.460556  9.5061059E-010
  28.4705563  9.41103306E-010
  28.4805565  9.31691058E-010
  28.4905567  9.22372956E-010
  28.5005569  9.13148057E-010
  28.5105572  9.04015418E-010
  28.5205574  8.9497415E-010
  28.5305576  8.8602331E-010
  28.5405579  8.77161954E-010
  28.5505581  8.68389249E-010
  28.5605583  8.59704252E-010
  28.5705585  8.5110613E-010
  28.5805588  8.42593995E-010
  28.590559  8.34167013E-010
  28.6005592  8.25824298E-010
  28.6105595  8.17565016E-010
  28.6205597  8.09388334E-010
  28.6305599  8.01293421E-010
  28.6405602  7.93279498E-010
  28.6505604  7.85345733E-010
  28.6605606  7.77491294E-010
  28.6705608  7.69715403E-010
  28.6805611  7.62017283E-010
  28.6905613  7.54396157E-010
  28.7005615  7.46851248E-010
  28.7105618  7.39381778E-010
  28.720562  7.31987027E-010
  28.7305622  7.24666216E-010
  28.7405624  7.17418625E-010
  28.7505627  7.10243531E-010
  28.7605629  7.03140213E-010
  28.7705631  6.96107949E-010
  28.7805634  6.89146018E-010
  28.7905636  6.82253698E-010
  28.8005638  6.75430323E-010
  28.810564  6.68675171E-010
  28.8205643  6.61987576E-010
  28.8305645  6.55366872E-010
  28.8405647  6.48812393E-010
  28.850565  6.42323472E-010
  28.8605652  6.35899444E-010
  28.8705654  6.29539643E-010
  28.8805656  6.23243457E-010
  28.8905659  6.17010221E-010
  28.9005661  6.10839324E-010
  28.9105663  6.04730155E-010
  28.9205666  5.98682104E-010
  28.9305668  5.9269456E-010
  28.940567  5.86766857E-010
  28.9505672  5.8089844E-010
  28.9605675  5.75088754E-010
  28.9705677  5.69337133E-010
  28.9805679  5.63643077E-010
  28.9905682  5.58005919E-010
  29.0005684  5.52425161E-010
  29.0105686  5.46900192E-010
  29.0205688  5.41430512E-010
  29.0305691  5.3601551E-010
  29.0405693  5.30654687E-010
  29.0505695  5.25347488E-010
  29.0605698  5.20093357E-010
  29.07057  5.14891796E-010
  29.0805702  5.09742248E-010
  29.0905704  5.04644215E-010
  29.1005707  4.99597141E-010
  29.1105709  4.94600527E-010
  29.1205711  4.89653929E-010
  29.1305714  4.8475679E-010
  29.1405716  4.79908613E-010
  29.1505718  4.75108952E-010
  29.1605721  4.70357253E-010
  29.1705723  4.65653099E-010
  29.1805725  4.60995991E-010
  29.1905727  4.56385457E-010
  29.200573  4.51821025E-010
  29.2105732  4.47302251E-010
  29.2205734  4.42828663E-010
  29.2305737  4.38399816E-010
  29.2405739  4.34015268E-010
  29.2505741  4.29674574E-010
  29.2605743  4.25377289E-010
  29.2705746  4.21122998E-010
  29.2805748  4.16911228E-010
  29.290575  4.12741591E-010
  29.3005753  4.08613671E-010
  29.3105755  4.04527023E-010
  29.3205757  4.00481259E-010
  29.3305759  3.96475935E-010
  29.3405762  3.92510691E-010
  29.3505764  3.88585081E-010
  29.3605766  3.84698745E-010
  29.3705769  3.80851267E-010
  29.3805771  3.77042286E-010
  29.3905773  3.73271386E-010
  29.4005775  3.69538206E-010
  29.4105778  3.65842356E-010
  29.420578  3.62183478E-010
  29.4305782  3.58561181E-010
  29.4405785  3.54975133E-010
  29.4505787  3.51424945E-010
  29.4605789  3.47910256E-010
  29.4705791  3.44430706E-010
  29.4805794  3.40985962E-010
  29.4905796  3.3757569E-010
  29.5005798  3.34199501E-010
  29.5105801  3.30857092E-010
  29.5205803  3.275481E-010
  29.5305805  3.2427222E-010
  29.5405807  3.21029092E-010
  29.550581  3.1781841E-010
  29.5605812  3.14639842E-010
  29.5705814  3.11493054E-010
  29.5805817  3.0837774E-010
  29.5905819  3.05293568E-010
  29.6005821  3.02240261E-010
  29.6105824  2.99217484E-010
  29.6205826  2.96224933E-010
  29.6305828  2.93262303E-010
  29.640583  2.90329316E-010
  29.6505833  2.87425667E-010
  29.6605835  2.84551049E-010
  29.6705837  2.81705187E-010
  29.680584  2.78887774E-010
  29.6905842  2.76098561E-010
  29.7005844  2.73337242E-010
  29.7105846  2.7060354E-010
  29.7205849  2.67897177E-010
  29.7305851  2.65217875E-010
  29.7405853  2.62565358E-010
  29.7505856  2.59939376E-010
  29.7605858  2.5733965E-010
  29.770586  2.54765931E-010
  29.7805862  2.52217941E-010
  29.7905865  2.49695459E-010
  29.8005867  2.47198179E-010
  29.8105869  2.44725878E-010
  29.8205872  2.42278309E-010
  29.8305874  2.39855219E-010
  29.8405876  2.3745636E-010
  29.8505878  2.3508151E-010
  29.8605881  2.32730404E-010
  29.8705883  2.30402808E-010
  29.8805885  2.28098498E-010
  29.8905888  2.25817226E-010
  29.900589  2.23558769E-010
  29.9105892  2.21322904E-010
  29.9205894  2.19109397E-010
  29.9305897  2.16918025E-010
  29.9405899  2.1474858E-010
  29.9505901  2.12600826E-010
  29.9605904  2.10474554E-010
  29.9705906  2.08369544E-010
  29.9805908  2.06285586E-010
  29.990591  2.04222472E-010
  30.0005913  2.02179995E-010
