  0.  6.
  0.620000005  5.46228647
  1.24000001  4.94559765
  1.86000001  4.43084431
  2.48000002  3.92655325
  3.0999999  3.4342041
  3.71999979  2.95631385
  4.33999968  2.4959414
  4.95999956  2.05703759
  5.57999945  1.64467359
  6.19999933  1.26526773
  6.81999922  0.926608205
  7.4399991  0.637263238
  8.05999947  0.40470469
  8.67999935  0.23190023
  9.29999924  0.114408143
  9.91999912  0.0419053063
  10.539999  0.00262191612
  11.1599989 -0.0143989753
  11.7799988 -0.0179770514
  12.3999987 -0.0150143486
  13.0199986 -0.00975459069
  13.6399984 -0.00509152794
  14.2599983 -0.00150977331
  14.8799982  0.000126792875
  15.4999981  0.00126754213
  16.1199989  0.00079245714
  16.7399998  0.00130174984
  17.3600006 -0.000113335838
  17.9800014  0.00114835508
  18.6000023 -0.00122056308
  19.2200031  0.00178739184
  19.840004 -0.00265153684
  20.4600048  0.00361520401
  21.0800056 -0.0052543655
  21.7000065  0.00741050811
  22.3200073 -0.0104941325
  22.9400082  0.0150529817
  23.560009 -0.021047404
  24.1800098  0.030576827
  24.8000107 -0.0420679562
  25.4200115  0.0625075474
  26.0400124 -0.0832923651
  26.6600132  0.129551753
  27.280014 -0.161809593
  27.9000149  0.276121289
  28.5200157 -0.302672178
  29.1400166  0.623540103
  29.7600174 -0.525067866
