  0.  6.
  1.  5.127141
  2.  4.31070042
  3.  3.50373912
  4.  2.73442459
  5.  2.01420593
  6.  1.36421061
  7.  0.81441319
  8.  0.402511895
  9.  0.149214208
  10.  0.0146632791
  11. -0.0415526107
  12. -0.0557819009
  13. -0.0387867503
  14. -0.0328836255
  15.  0.013493441
  16. -0.0407857299
  17.  0.104883462
  18. -0.183324546
  19.  0.498002976
  20. -0.710766554
  21.  5.09342861
  22. -1.82562351
  23. -2.1188426
  24. -2.31988168
  25. -4.2588129
  26. -5.25102663
  27. -6.86542416
  28. -8.04279137
  29. -9.22102547
  30. -10.3508167
