  0.  6.
  0.349999994  5.69793844
  0.699999988  5.40244818
  1.04999995  5.10727167
  1.39999998  4.81481075
  1.75  4.52524233
  2.0999999  4.23886013
  2.44999981  3.95597696
  2.79999971  3.6769495
  3.14999962  3.40218449
  3.49999952  3.13214827
  3.84999943  2.8673749
  4.19999933  2.60847878
  4.54999924  2.35616684
  4.89999914  2.11125135
  5.24999905  1.87466371
  5.59999895  1.6474663
  5.94999886  1.43085825
  6.29999876  1.22617209
  6.64999866  1.03485096
  6.99999857  0.858397484
  7.34999847  0.698281169
  7.69999838  0.555796802
  8.04999828  0.431879908
  8.39999866  0.326908112
  8.74999905  0.240547493
  9.09999943  0.17170614
  9.44999981  0.118629597
  9.80000019  0.0791093037
  10.1500006  0.0507364385
  10.500001  0.0311355405
  10.8500013  0.0181409009
  11.2000017  0.00990500208
  11.5500021  0.00494348211
  11.9000025  0.0021293771
  12.2500029  0.00065264455
  12.6000032 -3.82202306E-005
  12.9500036 -0.00029861051
  13.300004 -0.000344552565
  13.6500044 -0.000298994797
  14.0000048 -0.000226360775
  14.3500051 -0.000156596288
  14.7000055 -0.000100770601
  15.0500059 -6.0614384E-005
  15.4000063 -3.39109611E-005
  15.7500067 -1.73318404E-005
  16.1000061 -7.72151452E-006
  16.4500065 -2.57966644E-006
  16.8000069 -1.12745639E-007
  17.1500072  8.62957336E-007
  17.5000076  1.08285155E-006
  17.850008  9.68386757E-007
  18.2000084  7.46476928E-007
  18.5500088  5.22815697E-007
  18.9000092  3.40443108E-007
  19.2500095  2.0683693E-007
  19.6000099  1.17375713E-007
  19.9500103  6.08434334E-008
  20.3000107  2.80230772E-008
  20.6500111  9.91580773E-009
  21.0000114  1.29568778E-009
  21.3500118 -2.47830956E-009
  21.7000122 -3.30704508E-009
  22.0500126 -3.18042082E-009
  22.400013 -2.40164866E-009
  22.7500134 -1.78932269E-009
  23.1000137 -1.1048028E-009
  23.4500141 -7.43389295E-010
  23.8000145 -3.70115411E-010
  24.1500149 -2.44726017E-010
  24.5000153 -7.23121493E-011
  24.8500156 -6.34614514E-011
  25.200016  1.59972521E-011
  25.5500164 -1.43146207E-011
  25.9000168  2.91152484E-011
  26.2500172 -6.88473627E-012
  26.6000175  2.33254024E-011
  26.9500179 -8.01206584E-012
  27.3000183  1.63338457E-011
  27.6500187 -8.87221026E-012
  28.0000191  1.15762729E-011
  28.3500195 -8.45453221E-012
  28.7000198  8.67232414E-012
  29.0500202 -7.36818852E-012
  29.4000206  6.81927214E-012
  29.750021 -6.14727843E-012
