  0.  6.
  0.449999988  5.61091423
  0.899999976  5.23276711
  1.3499999  4.85531235
  1.79999995  4.48268986
  2.25  4.11533546
  2.70000005  3.7539773
  3.1500001  3.39942741
  3.60000014  3.05265498
  4.05000019  2.71481705
  4.5  2.38729954
  4.94999981  2.07176328
  5.39999962  1.77019286
  5.84999943  1.48493803
  6.29999924  1.21872878
  6.74999905  0.974628031
  7.19999886  0.755863547
  7.64999866  0.565468729
  8.09999847  0.405699193
  8.54999828  0.277326494
  8.99999809  0.179126278
  9.4499979  0.107932046
  9.89999771  0.059277568
  10.3499975  0.0282275714
  10.7999973  0.0100466227
  11.2499971  0.00061982125
  11.6999969 -0.00333934044
  12.1499968 -0.00424238201
  12.5999966 -0.00370219396
  13.0499964 -0.00268451124
  13.4999962 -0.00168909889
  13.949996 -0.000916723511
  14.3999958 -0.000402394915
  14.8499956 -0.000104521481
  15.2999954  4.01605066E-005
  15.7499952  9.10889212E-005
  16.199995  9.22989493E-005
  16.6499958  7.31385953E-005
  17.0999966  4.93937368E-005
  17.5499973  2.92307668E-005
  17.9999981  1.44660262E-005
  18.4499989  5.52761321E-006
  18.8999996  4.18555032E-007
  19.3500004 -1.49294078E-006
  19.8000011 -2.26000611E-006
  20.2500019 -1.75799369E-006
  20.7000027 -1.53798192E-006
  21.1500034 -7.18986712E-007
  21.6000042 -6.64985464E-007
  22.050005 -2.14926104E-008
  22.5000057 -2.77092767E-007
  22.9500065  2.52192024E-007
  23.4000072 -2.14493426E-007
  23.850008  3.3021621E-007
  24.3000088 -2.73509812E-007
  24.7500095  3.66366692E-007
  25.2000103 -3.58120587E-007
  25.6500111  4.16998745E-007
  26.1000118 -4.45475081E-007
  26.5500126  4.91907315E-007
  27.0000134 -5.39387941E-007
  27.4500141  5.89243598E-007
  27.9000149 -6.47885031E-007
  28.3500156  7.08257858E-007
  28.8000164 -7.77432604E-007
  29.2500172  8.51240145E-007
  29.7000179 -9.33283957E-007
