  0.0000000E+00   6.000000    
  9.9999998E-03   5.991429    
  2.0000000E-02   5.982861    
  2.9999999E-02   5.974294    
  3.9999999E-02   5.965728    
  5.0000001E-02   5.957165    
  6.0000002E-02   5.948603    
  7.0000000E-02   5.940043    
  7.9999998E-02   5.931485    
  8.9999996E-02   5.922928    
  9.9999994E-02   5.914374    
  0.1100000       5.905821    
  0.1200000       5.897270    
  0.1300000       5.888721    
  0.1400000       5.880173    
  0.1500000       5.871627    
  0.1600000       5.863083    
  0.1700000       5.854541    
  0.1800000       5.846001    
  0.1900000       5.837463    
  0.2000000       5.828927    
  0.2100000       5.820392    
  0.2200000       5.811859    
  0.2300000       5.803328    
  0.2400001       5.794798    
  0.2500001       5.786271    
  0.2600001       5.777746    
  0.2700000       5.769222    
  0.2800000       5.760701    
  0.2900000       5.752181    
  0.3000000       5.743662    
  0.3100000       5.735146    
  0.3200000       5.726632    
  0.3300000       5.718119    
  0.3400000       5.709609    
  0.3500000       5.701100    
  0.3600000       5.692593    
  0.3699999       5.684088    
  0.3799999       5.675585    
  0.3899999       5.667084    
  0.3999999       5.658585    
  0.4099999       5.650088    
  0.4199999       5.641593    
  0.4299999       5.633099    
  0.4399999       5.624608    
  0.4499999       5.616118    
  0.4599999       5.607630    
  0.4699998       5.599144    
  0.4799998       5.590661    
  0.4899998       5.582179    
  0.4999998       5.573699    
  0.5099998       5.565222    
  0.5199998       5.556746    
  0.5299998       5.548272    
  0.5399998       5.539800    
  0.5499998       5.531330    
  0.5599998       5.522862    
  0.5699998       5.514396    
  0.5799997       5.505932    
  0.5899997       5.497470    
  0.5999997       5.489010    
  0.6099997       5.480552    
  0.6199997       5.472096    
  0.6299997       5.463643    
  0.6399997       5.455191    
  0.6499997       5.446741    
  0.6599997       5.438293    
  0.6699997       5.429847    
  0.6799996       5.421403    
  0.6899996       5.412962    
  0.6999996       5.404522    
  0.7099996       5.396085    
  0.7199996       5.387649    
  0.7299996       5.379216    
  0.7399996       5.370784    
  0.7499996       5.362355    
  0.7599996       5.353928    
  0.7699996       5.345503    
  0.7799996       5.337080    
  0.7899995       5.328659    
  0.7999995       5.320240    
  0.8099995       5.311823    
  0.8199995       5.303409    
  0.8299995       5.294996    
  0.8399995       5.286586    
  0.8499995       5.278178    
  0.8599995       5.269772    
  0.8699995       5.261368    
  0.8799995       5.252966    
  0.8899994       5.244566    
  0.8999994       5.236169    
  0.9099994       5.227774    
  0.9199994       5.219380    
  0.9299994       5.210989    
  0.9399994       5.202600    
  0.9499994       5.194214    
  0.9599994       5.185829    
  0.9699994       5.177447    
  0.9799994       5.169067    
  0.9899994       5.160689    
  0.9999993       5.152313    
   1.009999       5.143939    
   1.019999       5.135568    
   1.029999       5.127199    
   1.039999       5.118833    
   1.049999       5.110468    
   1.059999       5.102106    
   1.069999       5.093746    
   1.079999       5.085388    
   1.089999       5.077032    
   1.099999       5.068679    
   1.109999       5.060328    
   1.119999       5.051979    
   1.129999       5.043633    
   1.139999       5.035288    
   1.149999       5.026947    
   1.159999       5.018607    
   1.169999       5.010270    
   1.179999       5.001935    
   1.189999       4.993602    
   1.199999       4.985271    
   1.209999       4.976943    
   1.219999       4.968618    
   1.229999       4.960295    
   1.239999       4.951973    
   1.249999       4.943655    
   1.259999       4.935338    
   1.269999       4.927024    
   1.279999       4.918712    
   1.289999       4.910403    
   1.299999       4.902096    
   1.309999       4.893791    
   1.319999       4.885489    
   1.329999       4.877189    
   1.339999       4.868892    
   1.349999       4.860597    
   1.359999       4.852304    
   1.369999       4.844014    
   1.379999       4.835727    
   1.389999       4.827442    
   1.399999       4.819159    
   1.409999       4.810879    
   1.419999       4.802601    
   1.429999       4.794325    
   1.439999       4.786052    
   1.449999       4.777782    
   1.459999       4.769514    
   1.469999       4.761249    
   1.479999       4.752985    
   1.489999       4.744725    
   1.499999       4.736467    
   1.509999       4.728211    
   1.519999       4.719958    
   1.529999       4.711708    
   1.539999       4.703460    
   1.549999       4.695215    
   1.559999       4.686972    
   1.569999       4.678731    
   1.579999       4.670494    
   1.589999       4.662259    
   1.599999       4.654026    
   1.609999       4.645796    
   1.619999       4.637568    
   1.629999       4.629344    
   1.639999       4.621121    
   1.649999       4.612902    
   1.659999       4.604685    
   1.669999       4.596470    
   1.679999       4.588259    
   1.689999       4.580050    
   1.699999       4.571843    
   1.709999       4.563639    
   1.719999       4.555438    
   1.729999       4.547239    
   1.739999       4.539043    
   1.749999       4.530850    
   1.759999       4.522659    
   1.769999       4.514472    
   1.779999       4.506286    
   1.789999       4.498104    
   1.799999       4.489924    
   1.809999       4.481747    
   1.819999       4.473572    
   1.829999       4.465401    
   1.839999       4.457232    
   1.849999       4.449066    
   1.859999       4.440902    
   1.869999       4.432742    
   1.879999       4.424584    
   1.889999       4.416429    
   1.899999       4.408276    
   1.909999       4.400126    
   1.919999       4.391980    
   1.929999       4.383836    
   1.939999       4.375695    
   1.949998       4.367557    
   1.959998       4.359421    
   1.969998       4.351288    
   1.979998       4.343158    
   1.989998       4.335031    
   1.999998       4.326907    
   2.009999       4.318785    
   2.019999       4.310667    
   2.029999       4.302551    
   2.039999       4.294438    
   2.049999       4.286329    
   2.059999       4.278222    
   2.069999       4.270118    
   2.079998       4.262017    
   2.089998       4.253919    
   2.099998       4.245824    
   2.109998       4.237731    
   2.119998       4.229642    
   2.129998       4.221556    
   2.139998       4.213473    
   2.149998       4.205392    
   2.159998       4.197315    
   2.169998       4.189240    
   2.179998       4.181169    
   2.189998       4.173100    
   2.199998       4.165035    
   2.209998       4.156973    
   2.219998       4.148913    
   2.229998       4.140857    
   2.239998       4.132804    
   2.249998       4.124753    
   2.259998       4.116706    
   2.269998       4.108662    
   2.279998       4.100621    
   2.289998       4.092583    
   2.299998       4.084548    
   2.309998       4.076517    
   2.319998       4.068488    
   2.329998       4.060462    
   2.339998       4.052440    
   2.349998       4.044421    
   2.359998       4.036405    
   2.369998       4.028392    
   2.379998       4.020382    
   2.389998       4.012376    
   2.399998       4.004373    
   2.409998       3.996372    
   2.419998       3.988375    
   2.429998       3.980382    
   2.439998       3.972391    
   2.449998       3.964404    
   2.459998       3.956420    
   2.469998       3.948439    
   2.479998       3.940462    
   2.489998       3.932487    
   2.499998       3.924516    
   2.509998       3.916549    
   2.519998       3.908584    
   2.529998       3.900623    
   2.539998       3.892666    
   2.549998       3.884711    
   2.559998       3.876760    
   2.569998       3.868813    
   2.579998       3.860868    
   2.589998       3.852927    
   2.599998       3.844990    
   2.609998       3.837055    
   2.619998       3.829124    
   2.629998       3.821197    
   2.639998       3.813273    
   2.649998       3.805352    
   2.659998       3.797435    
   2.669998       3.789521    
   2.679998       3.781610    
   2.689998       3.773704    
   2.699998       3.765800    
   2.709998       3.757900    
   2.719998       3.750004    
   2.729998       3.742111    
   2.739998       3.734221    
   2.749998       3.726335    
   2.759998       3.718453    
   2.769998       3.710574    
   2.779998       3.702699    
   2.789998       3.694827    
   2.799998       3.686959    
   2.809998       3.679094    
   2.819998       3.671233    
   2.829998       3.663375    
   2.839998       3.655522    
   2.849998       3.647671    
   2.859998       3.639825    
   2.869998       3.631982    
   2.879998       3.624143    
   2.889998       3.616307    
   2.899998       3.608475    
   2.909998       3.600647    
   2.919998       3.592823    
   2.929998       3.585002    
   2.939998       3.577185    
   2.949998       3.569371    
   2.959998       3.561562    
   2.969998       3.553756    
   2.979998       3.545954    
   2.989998       3.538155    
   2.999998       3.530361    
   3.009998       3.522570    
   3.019998       3.514783    
   3.029998       3.507000    
   3.039998       3.499220    
   3.049998       3.491445    
   3.059998       3.483673    
   3.069998       3.475906    
   3.079998       3.468142    
   3.089998       3.460382    
   3.099998       3.452626    
   3.109998       3.444874    
   3.119998       3.437125    
   3.129997       3.429381    
   3.139997       3.421641    
   3.149997       3.413904    
   3.159997       3.406172    
   3.169997       3.398443    
   3.179997       3.390719    
   3.189997       3.382998    
   3.199997       3.375282    
   3.209997       3.367570    
   3.219997       3.359861    
   3.229997       3.352157    
   3.239997       3.344457    
   3.249997       3.336761    
   3.259997       3.329069    
   3.269997       3.321381    
   3.279997       3.313697    
   3.289997       3.306017    
   3.299997       3.298342    
   3.309997       3.290670    
   3.319997       3.283003    
   3.329997       3.275340    
   3.339997       3.267681    
   3.349997       3.260026    
   3.359997       3.252376    
   3.369997       3.244730    
   3.379997       3.237087    
   3.389997       3.229450    
   3.399997       3.221816    
   3.409997       3.214187    
   3.419997       3.206562    
   3.429997       3.198942    
   3.439997       3.191325    
   3.449997       3.183713    
   3.459997       3.176106    
   3.469997       3.168503    
   3.479997       3.160904    
   3.489997       3.153309    
   3.499997       3.145719    
   3.509997       3.138133    
   3.519997       3.130552    
   3.529997       3.122975    
   3.539997       3.115403    
   3.549997       3.107835    
   3.559997       3.100272    
   3.569997       3.092713    
   3.579997       3.085159    
   3.589997       3.077609    
   3.599997       3.070064    
   3.609997       3.062523    
   3.619997       3.054987    
   3.629997       3.047455    
   3.639997       3.039928    
   3.649997       3.032406    
   3.659997       3.024888    
   3.669997       3.017375    
   3.679997       3.009866    
   3.689997       3.002362    
   3.699997       2.994863    
   3.709997       2.987369    
   3.719997       2.979879    
   3.729997       2.972394    
   3.739997       2.964914    
   3.749997       2.957439    
   3.759997       2.949968    
   3.769997       2.942502    
   3.779997       2.935041    
   3.789997       2.927585    
   3.799997       2.920133    
   3.809997       2.912687    
   3.819997       2.905245    
   3.829997       2.897808    
   3.839997       2.890376    
   3.849997       2.882949    
   3.859997       2.875527    
   3.869997       2.868110    
   3.879997       2.860698    
   3.889997       2.853290    
   3.899997       2.845888    
   3.909997       2.838490    
   3.919997       2.831098    
   3.929997       2.823711    
   3.939997       2.816329    
   3.949997       2.808952    
   3.959997       2.801579    
   3.969997       2.794213    
   3.979997       2.786851    
   3.989997       2.779494    
   3.999997       2.772142    
   4.009997       2.764796    
   4.019997       2.757454    
   4.029997       2.750118    
   4.039998       2.742787    
   4.049998       2.735462    
   4.059998       2.728141    
   4.069998       2.720826    
   4.079998       2.713516    
   4.089999       2.706212    
   4.099999       2.698912    
   4.109999       2.691618    
   4.119999       2.684330    
   4.130000       2.677046    
   4.140000       2.669768    
   4.150000       2.662496    
   4.160000       2.655229    
   4.170001       2.647967    
   4.180001       2.640711    
   4.190001       2.633460    
   4.200001       2.626215    
   4.210001       2.618975    
   4.220002       2.611741    
   4.230002       2.604512    
   4.240002       2.597289    
   4.250002       2.590072    
   4.260003       2.582860    
   4.270003       2.575654    
   4.280003       2.568453    
   4.290003       2.561258    
   4.300004       2.554069    
   4.310004       2.546885    
   4.320004       2.539707    
   4.330004       2.532535    
   4.340004       2.525369    
   4.350005       2.518208    
   4.360005       2.511053    
   4.370005       2.503904    
   4.380005       2.496761    
   4.390006       2.489623    
   4.400006       2.482491    
   4.410006       2.475366    
   4.420006       2.468246    
   4.430007       2.461132    
   4.440007       2.454024    
   4.450007       2.446922    
   4.460007       2.439826    
   4.470007       2.432736    
   4.480008       2.425652    
   4.490008       2.418574    
   4.500008       2.411502    
   4.510008       2.404436    
   4.520009       2.397376    
   4.530009       2.390323    
   4.540009       2.383275    
   4.550009       2.376234    
   4.560009       2.369199    
   4.570010       2.362170    
   4.580010       2.355147    
   4.590010       2.348130    
   4.600010       2.341120    
   4.610011       2.334116    
   4.620011       2.327118    
   4.630011       2.320127    
   4.640011       2.313142    
   4.650012       2.306163    
   4.660012       2.299191    
   4.670012       2.292225    
   4.680012       2.285265    
   4.690012       2.278312    
   4.700013       2.271366    
   4.710013       2.264426    
   4.720013       2.257492    
   4.730013       2.250565    
   4.740014       2.243644    
   4.750014       2.236730    
   4.760014       2.229823    
   4.770014       2.222922    
   4.780015       2.216028    
   4.790015       2.209141    
   4.800015       2.202260    
   4.810015       2.195386    
   4.820015       2.188519    
   4.830016       2.181658    
   4.840016       2.174804    
   4.850016       2.167958    
   4.860016       2.161117    
   4.870017       2.154284    
   4.880017       2.147458    
   4.890017       2.140638    
   4.900017       2.133826    
   4.910017       2.127020    
   4.920018       2.120221    
   4.930018       2.113429    
   4.940018       2.106645    
   4.950018       2.099867    
   4.960019       2.093096    
   4.970019       2.086333    
   4.980019       2.079576    
   4.990019       2.072827    
   5.000020       2.066084    
   5.010020       2.059349    
   5.020020       2.052621    
   5.030020       2.045901    
   5.040020       2.039187    
   5.050021       2.032481    
   5.060021       2.025782    
   5.070021       2.019091    
   5.080021       2.012406    
   5.090022       2.005729    
   5.100022       1.999060    
   5.110022       1.992398    
   5.120022       1.985743    
   5.130023       1.979096    
   5.140023       1.972456    
   5.150023       1.965824    
   5.160023       1.959200    
   5.170023       1.952583    
   5.180024       1.945973    
   5.190024       1.939371    
   5.200024       1.932777    
   5.210024       1.926190    
   5.220025       1.919612    
   5.230025       1.913040    
   5.240025       1.906477    
   5.250025       1.899921    
   5.260026       1.893373    
   5.270026       1.886833    
   5.280026       1.880301    
   5.290026       1.873777    
   5.300026       1.867260    
   5.310027       1.860752    
   5.320027       1.854251    
   5.330027       1.847759    
   5.340027       1.841274    
   5.350028       1.834797    
   5.360028       1.828329    
   5.370028       1.821868    
   5.380028       1.815416    
   5.390028       1.808972    
   5.400029       1.802536    
   5.410029       1.796108    
   5.420029       1.789688    
   5.430029       1.783277    
   5.440030       1.776874    
   5.450030       1.770479    
   5.460030       1.764092    
   5.470030       1.757714    
   5.480031       1.751344    
   5.490031       1.744983    
   5.500031       1.738630    
   5.510031       1.732286    
   5.520031       1.725950    
   5.530032       1.719622    
   5.540032       1.713303    
   5.550032       1.706993    
   5.560032       1.700691    
   5.570033       1.694398    
   5.580033       1.688114    
   5.590033       1.681838    
   5.600033       1.675571    
   5.610034       1.669313    
   5.620034       1.663064    
   5.630034       1.656823    
   5.640034       1.650591    
   5.650034       1.644368    
   5.660035       1.638154    
   5.670035       1.631949    
   5.680035       1.625753    
   5.690035       1.619566    
   5.700036       1.613388    
   5.710036       1.607218    
   5.720036       1.601058    
   5.730036       1.594907    
   5.740036       1.588765    
   5.750037       1.582633    
   5.760037       1.576509    
   5.770037       1.570395    
   5.780037       1.564290    
   5.790038       1.558194    
   5.800038       1.552107    
   5.810038       1.546030    
   5.820038       1.539963    
   5.830039       1.533904    
   5.840039       1.527855    
   5.850039       1.521816    
   5.860039       1.515786    
   5.870039       1.509765    
   5.880040       1.503754    
   5.890040       1.497753    
   5.900040       1.491761    
   5.910040       1.485779    
   5.920041       1.479807    
   5.930041       1.473844    
   5.940041       1.467891    
   5.950041       1.461948    
   5.960042       1.456015    
   5.970042       1.450091    
   5.980042       1.444177    
   5.990042       1.438274    
   6.000042       1.432380    
   6.010043       1.426496    
   6.020043       1.420622    
   6.030043       1.414758    
   6.040043       1.408904    
   6.050044       1.403060    
   6.060044       1.397226    
   6.070044       1.391403    
   6.080044       1.385589    
   6.090044       1.379786    
   6.100045       1.373993    
   6.110045       1.368210    
   6.120045       1.362438    
   6.130045       1.356676    
   6.140046       1.350924    
   6.150046       1.345183    
   6.160046       1.339452    
   6.170046       1.333732    
   6.180047       1.328022    
   6.190047       1.322322    
   6.200047       1.316634    
   6.210047       1.310956    
   6.220047       1.305288    
   6.230048       1.299631    
   6.240048       1.293985    
   6.250048       1.288349    
   6.260048       1.282724    
   6.270049       1.277110    
   6.280049       1.271507    
   6.290049       1.265915    
   6.300049       1.260333    
   6.310050       1.254763    
   6.320050       1.249203    
   6.330050       1.243655    
   6.340050       1.238117    
   6.350050       1.232591    
   6.360051       1.227075    
   6.370051       1.221571    
   6.380051       1.216077    
   6.390051       1.210595    
   6.400052       1.205124    
   6.410052       1.199665    
   6.420052       1.194216    
   6.430052       1.188779    
   6.440053       1.183354    
   6.450053       1.177939    
   6.460053       1.172536    
   6.470053       1.167145    
   6.480053       1.161765    
   6.490054       1.156397    
   6.500054       1.151039    
   6.510054       1.145694    
   6.520054       1.140360    
   6.530055       1.135038    
   6.540055       1.129727    
   6.550055       1.124429    
   6.560055       1.119142    
   6.570055       1.113866    
   6.580056       1.108603    
   6.590056       1.103351    
   6.600056       1.098111    
   6.610056       1.092883    
   6.620057       1.087667    
   6.630057       1.082463    
   6.640057       1.077271    
   6.650057       1.072091    
   6.660058       1.066923    
   6.670058       1.061767    
   6.680058       1.056623    
   6.690058       1.051491    
   6.700058       1.046372    
   6.710059       1.041264    
   6.720059       1.036169    
   6.730059       1.031086    
   6.740059       1.026016    
   6.750060       1.020958    
   6.760060       1.015912    
   6.770060       1.010879    
   6.780060       1.005858    
   6.790061       1.000849    
   6.800061      0.9958531    
   6.810061      0.9908696    
   6.820061      0.9858987    
   6.830061      0.9809404    
   6.840062      0.9759947    
   6.850062      0.9710616    
   6.860062      0.9661413    
   6.870062      0.9612336    
   6.880063      0.9563387    
   6.890063      0.9514565    
   6.900063      0.9465872    
   6.910063      0.9417307    
   6.920063      0.9368871    
   6.930064      0.9320564    
   6.940064      0.9272386    
   6.950064      0.9224337    
   6.960064      0.9176419    
   6.970065      0.9128630    
   6.980065      0.9080972    
   6.990065      0.9033445    
   7.000065      0.8986048    
   7.010066      0.8938783    
   7.020066      0.8891649    
   7.030066      0.8844647    
   7.040066      0.8797778    
   7.050066      0.8751041    
   7.060067      0.8704436    
   7.070067      0.8657965    
   7.080067      0.8611627    
   7.090067      0.8565423    
   7.100068      0.8519353    
   7.110068      0.8473417    
   7.120068      0.8427615    
   7.130068      0.8381947    
   7.140069      0.8336415    
   7.150069      0.8291017    
   7.160069      0.8245756    
   7.170069      0.8200630    
   7.180069      0.8155640    
   7.190070      0.8110787    
   7.200070      0.8066069    
   7.210070      0.8021489    
   7.220070      0.7977046    
   7.230071      0.7932740    
   7.240071      0.7888572    
   7.250071      0.7844542    
   7.260071      0.7800649    
   7.270072      0.7756895    
   7.280072      0.7713280    
   7.290072      0.7669803    
   7.300072      0.7626465    
   7.310072      0.7583266    
   7.320073      0.7540208    
   7.330073      0.7497289    
   7.340073      0.7454509    
   7.350073      0.7411870    
   7.360074      0.7369372    
   7.370074      0.7327014    
   7.380074      0.7284796    
   7.390074      0.7242720    
   7.400074      0.7200785    
   7.410075      0.7158992    
   7.420075      0.7117340    
   7.430075      0.7075830    
   7.440075      0.7034463    
   7.450076      0.6993238    
   7.460076      0.6952155    
   7.470076      0.6911215    
   7.480076      0.6870418    
   7.490077      0.6829764    
   7.500077      0.6789253    
   7.510077      0.6748886    
   7.520077      0.6708663    
   7.530077      0.6668583    
   7.540078      0.6628647    
   7.550078      0.6588855    
   7.560078      0.6549208    
   7.570078      0.6509705    
   7.580079      0.6470347    
   7.590079      0.6431134    
   7.600079      0.6392065    
   7.610079      0.6353142    
   7.620080      0.6314364    
   7.630080      0.6275731    
   7.640080      0.6237245    
   7.650080      0.6198903    
   7.660080      0.6160708    
   7.670081      0.6122659    
   7.680081      0.6084756    
   7.690081      0.6046999    
   7.700081      0.6009388    
   7.710082      0.5971923    
   7.720082      0.5934606    
   7.730082      0.5897434    
   7.740082      0.5860410    
   7.750082      0.5823533    
   7.760083      0.5786803    
   7.770083      0.5750220    
   7.780083      0.5713784    
   7.790083      0.5677495    
   7.800084      0.5641354    
   7.810084      0.5605360    
   7.820084      0.5569513    
   7.830084      0.5533814    
   7.840085      0.5498263    
   7.850085      0.5462860    
   7.860085      0.5427604    
   7.870085      0.5392497    
   7.880085      0.5357537    
   7.890086      0.5322725    
   7.900086      0.5288060    
   7.910086      0.5253544    
   7.920086      0.5219176    
   7.930087      0.5184956    
   7.940087      0.5150884    
   7.950087      0.5116960    
   7.960087      0.5083184    
   7.970088      0.5049556    
   7.980088      0.5016077    
   7.990088      0.4982746    
   8.000088      0.4949564    
   8.010088      0.4916529    
   8.020088      0.4883642    
   8.030088      0.4850903    
   8.040089      0.4818313    
   8.050089      0.4785870    
   8.060089      0.4753576    
   8.070089      0.4721429    
   8.080090      0.4689431    
   8.090090      0.4657580    
   8.100090      0.4625877    
   8.110090      0.4594322    
   8.120090      0.4562915    
   8.130091      0.4531656    
   8.140091      0.4500544    
   8.150091      0.4469580    
   8.160091      0.4438764    
   8.170092      0.4408095    
   8.180092      0.4377573    
   8.190092      0.4347199    
   8.200092      0.4316972    
   8.210093      0.4286892    
   8.220093      0.4256959    
   8.230093      0.4227173    
   8.240093      0.4197534    
   8.250093      0.4168041    
   8.260094      0.4138695    
   8.270094      0.4109496    
   8.280094      0.4080442    
   8.290094      0.4051535    
   8.300095      0.4022774    
   8.310095      0.3994159    
   8.320095      0.3965689    
   8.330095      0.3937365    
   8.340096      0.3909187    
   8.350096      0.3881154    
   8.360096      0.3853266    
   8.370096      0.3825523    
   8.380096      0.3797925    
   8.390097      0.3770471    
   8.400097      0.3743162    
   8.410097      0.3715997    
   8.420097      0.3688976    
   8.430098      0.3662098    
   8.440098      0.3635365    
   8.450098      0.3608775    
   8.460098      0.3582327    
   8.470098      0.3556023    
   8.480099      0.3529862    
   8.490099      0.3503843    
   8.500099      0.3477966    
   8.510099      0.3452232    
   8.520100      0.3426639    
   8.530100      0.3401188    
   8.540100      0.3375879    
   8.550100      0.3350710    
   8.560101      0.3325682    
   8.570101      0.3300795    
   8.580101      0.3276048    
   8.590101      0.3251441    
   8.600101      0.3226974    
   8.610102      0.3202646    
   8.620102      0.3178457    
   8.630102      0.3154407    
   8.640102      0.3130496    
   8.650103      0.3106723    
   8.660103      0.3083088    
   8.670103      0.3059591    
   8.680103      0.3036231    
   8.690104      0.3013008    
   8.700104      0.2989922    
   8.710104      0.2966973    
   8.720104      0.2944159    
   8.730104      0.2921481    
   8.740105      0.2898939    
   8.750105      0.2876531    
   8.760105      0.2854259    
   8.770105      0.2832121    
   8.780106      0.2810117    
   8.790106      0.2788246    
   8.800106      0.2766509    
   8.810106      0.2744905    
   8.820107      0.2723434    
   8.830107      0.2702094    
   8.840107      0.2680887    
   8.850107      0.2659811    
   8.860107      0.2638866    
   8.870108      0.2618052    
   8.880108      0.2597368    
   8.890108      0.2576815    
   8.900108      0.2556390    
   8.910109      0.2536095    
   8.920109      0.2515928    
   8.930109      0.2495890    
   8.940109      0.2475980    
   8.950109      0.2456197    
   8.960110      0.2436541    
   8.970110      0.2417012    
   8.980110      0.2397610    
   8.990110      0.2378333    
   9.000111      0.2359181    
   9.010111      0.2340155    
   9.020111      0.2321253    
   9.030111      0.2302475    
   9.040112      0.2283821    
   9.050112      0.2265290    
   9.060112      0.2246882    
   9.070112      0.2228596    
   9.080112      0.2210432    
   9.090113      0.2192389    
   9.100113      0.2174467    
   9.110113      0.2156666    
   9.120113      0.2138985    
   9.130114      0.2121424    
   9.140114      0.2103981    
   9.150114      0.2086658    
   9.160114      0.2069452    
   9.170115      0.2052364    
   9.180115      0.2035394    
   9.190115      0.2018540    
   9.200115      0.2001802    
   9.210115      0.1985181    
   9.220116      0.1968674    
   9.230116      0.1952283    
   9.240116      0.1936005    
   9.250116      0.1919842    
   9.260117      0.1903792    
   9.270117      0.1887855    
   9.280117      0.1872030    
   9.290117      0.1856317    
   9.300117      0.1840715    
   9.310118      0.1825225    
   9.320118      0.1809845    
   9.330118      0.1794574    
   9.340118      0.1779413    
   9.350119      0.1764361    
   9.360119      0.1749417    
   9.370119      0.1734581    
   9.380119      0.1719853    
   9.390120      0.1705231    
   9.400120      0.1690716    
   9.410120      0.1676306    
   9.420120      0.1662002    
   9.430120      0.1647802    
   9.440121      0.1633707    
   9.450121      0.1619716    
   9.460121      0.1605828    
   9.470121      0.1592042    
   9.480122      0.1578359    
   9.490122      0.1564777    
   9.500122      0.1551297    
   9.510122      0.1537917    
   9.520123      0.1524638    
   9.530123      0.1511458    
   9.540123      0.1498377    
   9.550123      0.1485395    
   9.560123      0.1472510    
   9.570124      0.1459724    
   9.580124      0.1447034    
   9.590124      0.1434441    
   9.600124      0.1421943    
   9.610125      0.1409541    
   9.620125      0.1397234    
   9.630125      0.1385022    
   9.640125      0.1372903    
   9.650126      0.1360878    
   9.660126      0.1348945    
   9.670126      0.1337105    
   9.680126      0.1325356    
   9.690126      0.1313699    
   9.700127      0.1302132    
   9.710127      0.1290656    
   9.720127      0.1279269    
   9.730127      0.1267972    
   9.740128      0.1256763    
   9.750128      0.1245642    
   9.760128      0.1234609    
   9.770128      0.1223663    
   9.780128      0.1212803    
   9.790129      0.1202029    
   9.800129      0.1191341    
   9.810129      0.1180738    
   9.820129      0.1170220    
   9.830130      0.1159785    
   9.840130      0.1149434    
   9.850130      0.1139166    
   9.860130      0.1128980    
   9.870131      0.1118876    
   9.880131      0.1108854    
   9.890131      0.1098912    
   9.900131      0.1089051    
   9.910131      0.1079270    
   9.920132      0.1069568    
   9.930132      0.1059944    
   9.940132      0.1050400    
   9.950132      0.1040933    
   9.960133      0.1031543    
   9.970133      0.1022230    
   9.980133      0.1012994    
   9.990133      0.1003833    
   10.00013      9.9474832E-02
   10.01013      9.8573796E-02
   10.02013      9.7680196E-02
   10.03013      9.6793979E-02
   10.04013      9.5915101E-02
   10.05013      9.5043510E-02
   10.06013      9.4179161E-02
   10.07014      9.3322001E-02
   10.08014      9.2471980E-02
   10.09014      9.1629051E-02
   10.10014      9.0793170E-02
   10.11014      8.9964285E-02
   10.12014      8.9142345E-02
   10.13014      8.8327304E-02
   10.14014      8.7519117E-02
   10.15014      8.6717732E-02
   10.16014      8.5923105E-02
   10.17014      8.5135192E-02
   10.18014      8.4353939E-02
   10.19014      8.3579302E-02
   10.20014      8.2811236E-02
   10.21014      8.2049690E-02
   10.22014      8.1294626E-02
   10.23014      8.0545992E-02
   10.24014      7.9803742E-02
   10.25014      7.9067826E-02
   10.26014      7.8338206E-02
   10.27014      7.7614836E-02
   10.28014      7.6897666E-02
   10.29014      7.6186657E-02
   10.30014      7.5481758E-02
   10.31014      7.4782930E-02
   10.32014      7.4090123E-02
   10.33014      7.3403299E-02
   10.34014      7.2722405E-02
   10.35014      7.2047405E-02
   10.36014      7.1378253E-02
   10.37014      7.0714906E-02
   10.38014      7.0057318E-02
   10.39014      6.9405451E-02
   10.40014      6.8759255E-02
   10.41014      6.8118691E-02
   10.42014      6.7483723E-02
   10.43014      6.6854298E-02
   10.44014      6.6230379E-02
   10.45014      6.5611929E-02
   10.46014      6.4998895E-02
   10.47014      6.4391248E-02
   10.48014      6.3788936E-02
   10.49014      6.3191928E-02
   10.50014      6.2600173E-02
   10.51015      6.2013641E-02
   10.52015      6.1432283E-02
   10.53015      6.0856063E-02
   10.54015      6.0284942E-02
   10.55015      5.9718877E-02
   10.56015      5.9157833E-02
   10.57015      5.8601767E-02
   10.58015      5.8050640E-02
   10.59015      5.7504416E-02
   10.60015      5.6963053E-02
   10.61015      5.6426514E-02
   10.62015      5.5894762E-02
   10.63015      5.5367760E-02
   10.64015      5.4845467E-02
   10.65015      5.4327846E-02
   10.66015      5.3814862E-02
   10.67015      5.3306475E-02
   10.68015      5.2802652E-02
   10.69015      5.2303355E-02
   10.70015      5.1808544E-02
   10.71015      5.1318187E-02
   10.72015      5.0832245E-02
   10.73015      5.0350685E-02
   10.74015      4.9873471E-02
   10.75015      4.9400568E-02
   10.76015      4.8931938E-02
   10.77015      4.8467547E-02
   10.78015      4.8007362E-02
   10.79015      4.7551349E-02
   10.80015      4.7099471E-02
   10.81015      4.6651699E-02
   10.82015      4.6207994E-02
   10.83015      4.5768324E-02
   10.84015      4.5332655E-02
   10.85015      4.4900957E-02
   10.86015      4.4473194E-02
   10.87015      4.4049334E-02
   10.88015      4.3629345E-02
   10.89015      4.3213196E-02
   10.90015      4.2800851E-02
   10.91015      4.2392284E-02
   10.92015      4.1987456E-02
   10.93015      4.1586343E-02
   10.94016      4.1188911E-02
   10.95016      4.0795125E-02
   10.96016      4.0404961E-02
   10.97016      4.0018383E-02
   10.98016      3.9635364E-02
   10.99016      3.9255872E-02
   11.00016      3.8879875E-02
   11.01016      3.8507346E-02
   11.02016      3.8138255E-02
   11.03016      3.7772574E-02
   11.04016      3.7410274E-02
   11.05016      3.7051324E-02
   11.06016      3.6695696E-02
   11.07016      3.6343362E-02
   11.08016      3.5994295E-02
   11.09016      3.5648465E-02
   11.10016      3.5305843E-02
   11.11016      3.4966402E-02
   11.12016      3.4630116E-02
   11.13016      3.4296956E-02
   11.14016      3.3966895E-02
   11.15016      3.3639908E-02
   11.16016      3.3315968E-02
   11.17016      3.2995049E-02
   11.18016      3.2677121E-02
   11.19016      3.2362163E-02
   11.20016      3.2050144E-02
   11.21016      3.1741042E-02
   11.22016      3.1434830E-02
   11.23016      3.1131484E-02
   11.24016      3.0830977E-02
   11.25016      3.0533286E-02
   11.26016      3.0238384E-02
   11.27016      2.9946247E-02
   11.28016      2.9656852E-02
   11.29016      2.9370174E-02
   11.30016      2.9086187E-02
   11.31016      2.8804870E-02
   11.32016      2.8526198E-02
   11.33016      2.8250149E-02
   11.34016      2.7976697E-02
   11.35016      2.7705822E-02
   11.36016      2.7437499E-02
   11.37016      2.7171707E-02
   11.38017      2.6908422E-02
   11.39017      2.6647622E-02
   11.40017      2.6389284E-02
   11.41017      2.6133386E-02
   11.42017      2.5879908E-02
   11.43017      2.5628828E-02
   11.44017      2.5380122E-02
   11.45017      2.5133770E-02
   11.46017      2.4889752E-02
   11.47017      2.4648046E-02
   11.48017      2.4408631E-02
   11.49017      2.4171486E-02
   11.50017      2.3936592E-02
   11.51017      2.3703927E-02
   11.52017      2.3473473E-02
   11.53017      2.3245208E-02
   11.54017      2.3019113E-02
   11.55017      2.2795169E-02
   11.56017      2.2573354E-02
   11.57017      2.2353651E-02
   11.58017      2.2136040E-02
   11.59017      2.1920502E-02
   11.60017      2.1707019E-02
   11.61017      2.1495569E-02
   11.62017      2.1286137E-02
   11.63017      2.1078704E-02
   11.64017      2.0873250E-02
   11.65017      2.0669758E-02
   11.66017      2.0468211E-02
   11.67017      2.0268589E-02
   11.68017      2.0070877E-02
   11.69017      1.9875055E-02
   11.70017      1.9681107E-02
   11.71017      1.9489016E-02
   11.72017      1.9298764E-02
   11.73017      1.9110335E-02
   11.74017      1.8923711E-02
   11.75017      1.8738875E-02
   11.76017      1.8555813E-02
   11.77017      1.8374506E-02
   11.78017      1.8194940E-02
   11.79017      1.8017096E-02
   11.80017      1.7840961E-02
   11.81017      1.7666519E-02
   11.82018      1.7493753E-02
   11.83018      1.7322646E-02
   11.84018      1.7153187E-02
   11.85018      1.6985357E-02
   11.86018      1.6819142E-02
   11.87018      1.6654527E-02
   11.88018      1.6491497E-02
   11.89018      1.6330037E-02
   11.90018      1.6170133E-02
   11.91018      1.6011769E-02
   11.92018      1.5854932E-02
   11.93018      1.5699608E-02
   11.94018      1.5545782E-02
   11.95018      1.5393440E-02
   11.96018      1.5242568E-02
   11.97018      1.5093153E-02
   11.98018      1.4945182E-02
   11.99018      1.4798640E-02
   12.00018      1.4653514E-02
   12.01018      1.4509792E-02
   12.02018      1.4367458E-02
   12.03018      1.4226502E-02
   12.04018      1.4086909E-02
   12.05018      1.3948667E-02
   12.06018      1.3811762E-02
   12.07018      1.3676184E-02
   12.08018      1.3541919E-02
   12.09018      1.3408954E-02
   12.10018      1.3277278E-02
   12.11018      1.3146878E-02
   12.12018      1.3017743E-02
   12.13018      1.2889859E-02
   12.14018      1.2763216E-02
   12.15018      1.2637802E-02
   12.16018      1.2513605E-02
   12.17018      1.2390614E-02
   12.18018      1.2268816E-02
   12.19018      1.2148201E-02
   12.20018      1.2028758E-02
   12.21018      1.1910476E-02
   12.22018      1.1793343E-02
   12.23018      1.1677349E-02
   12.24018      1.1562482E-02
   12.25019      1.1448734E-02
   12.26019      1.1336091E-02
   12.27019      1.1224545E-02
   12.28019      1.1114083E-02
   12.29019      1.1004698E-02
   12.30019      1.0896376E-02
   12.31019      1.0789110E-02
   12.32019      1.0682889E-02
   12.33019      1.0577703E-02
   12.34019      1.0473542E-02
   12.35019      1.0370396E-02
   12.36019      1.0268255E-02
   12.37019      1.0167111E-02
   12.38019      1.0066953E-02
   12.39019      9.9677714E-03
   12.40019      9.8695578E-03
   12.41019      9.7723026E-03
   12.42019      9.6759964E-03
   12.43019      9.5806299E-03
   12.44019      9.4861947E-03
   12.45019      9.3926815E-03
   12.46019      9.3000820E-03
   12.47019      9.2083868E-03
   12.48019      9.1175875E-03
   12.49019      9.0276757E-03
   12.50019      8.9386422E-03
   12.51019      8.8504795E-03
   12.52019      8.7631792E-03
   12.53019      8.6767320E-03
   12.54019      8.5911304E-03
   12.55019      8.5063661E-03
   12.56019      8.4224315E-03
   12.57019      8.3393184E-03
   12.58019      8.2570184E-03
   12.59019      8.1755240E-03
   12.60019      8.0948276E-03
   12.61019      8.0149211E-03
   12.62019      7.9357978E-03
   12.63019      7.8574494E-03
   12.64019      7.7798683E-03
   12.65019      7.7030472E-03
   12.66019      7.6269791E-03
   12.67019      7.5516566E-03
   12.68019      7.4770721E-03
   12.69020      7.4032191E-03
   12.70020      7.3300903E-03
   12.71020      7.2576785E-03
   12.72020      7.1859770E-03
   12.73020      7.1149790E-03
   12.74020      7.0446772E-03
   12.75020      6.9750655E-03
   12.76020      6.9061369E-03
   12.77020      6.8378849E-03
   12.78020      6.7703030E-03
   12.79020      6.7033842E-03
   12.80020      6.6371225E-03
   12.81020      6.5715117E-03
   12.82020      6.5065455E-03
   12.83020      6.4422172E-03
   12.84020      6.3785207E-03
   12.85020      6.3154502E-03
   12.86020      6.2529994E-03
   12.87020      6.1911624E-03
   12.88020      6.1299331E-03
   12.89020      6.0693058E-03
   12.90020      6.0092746E-03
   12.91020      5.9498334E-03
   12.92020      5.8909771E-03
   12.93020      5.8326996E-03
   12.94020      5.7749953E-03
   12.95020      5.7178587E-03
   12.96020      5.6612841E-03
   12.97020      5.6052660E-03
   12.98020      5.5497992E-03
   12.99020      5.4948782E-03
   13.00020      5.4404978E-03
   13.01020      5.3866529E-03
   13.02020      5.3333379E-03
   13.03020      5.2805478E-03
   13.04020      5.2282778E-03
   13.05020      5.1765223E-03
   13.06020      5.1252767E-03
   13.07020      5.0745355E-03
   13.08020      5.0242944E-03
   13.09020      4.9745482E-03
   13.10020      4.9252920E-03
   13.11020      4.8765214E-03
   13.12020      4.8282314E-03
   13.13021      4.7804173E-03
   13.14021      4.7330745E-03
   13.15021      4.6861982E-03
   13.16021      4.6397839E-03
   13.17021      4.5938273E-03
   13.18021      4.5483238E-03
   13.19021      4.5032692E-03
   13.20021      4.4586589E-03
   13.21021      4.4144886E-03
   13.22021      4.3707537E-03
   13.23021      4.3274504E-03
   13.24021      4.2845742E-03
   13.25021      4.2421212E-03
   13.26021      4.2000869E-03
   13.27021      4.1584675E-03
   13.28021      4.1172588E-03
   13.29021      4.0764567E-03
   13.30021      4.0360573E-03
   13.31021      3.9960570E-03
   13.32021      3.9564515E-03
   13.33021      3.9172368E-03
   13.34021      3.8784093E-03
   13.35021      3.8399652E-03
   13.36021      3.8019007E-03
   13.37021      3.7642121E-03
   13.38021      3.7268959E-03
   13.39021      3.6899482E-03
   13.40021      3.6533654E-03
   13.41021      3.6171440E-03
   13.42021      3.5812804E-03
   13.43021      3.5457711E-03
   13.44021      3.5106128E-03
   13.45021      3.4758018E-03
   13.46021      3.4413347E-03
   13.47021      3.4072082E-03
   13.48021      3.3734192E-03
   13.49021      3.3399640E-03
   13.50021      3.3068396E-03
   13.51021      3.2740426E-03
   13.52021      3.2415700E-03
   13.53021      3.2094182E-03
   13.54021      3.1775844E-03
   13.55021      3.1460654E-03
   13.56021      3.1148579E-03
   13.57022      3.0839592E-03
   13.58022      3.0533660E-03
   13.59022      3.0230754E-03
   13.60022      2.9930845E-03
   13.61022      2.9633902E-03
   13.62022      2.9339895E-03
   13.63022      2.9048796E-03
   13.64022      2.8760578E-03
   13.65022      2.8475211E-03
   13.66022      2.8192669E-03
   13.67022      2.7912920E-03
   13.68022      2.7635940E-03
   13.69022      2.7361703E-03
   13.70022      2.7090178E-03
   13.71022      2.6821340E-03
   13.72022      2.6555164E-03
   13.73022      2.6291623E-03
   13.74022      2.6030689E-03
   13.75022      2.5772341E-03
   13.76022      2.5516548E-03
   13.77022      2.5263289E-03
   13.78022      2.5012537E-03
   13.79022      2.4764268E-03
   13.80022      2.4518457E-03
   13.81022      2.4275079E-03
   13.82022      2.4034111E-03
   13.83022      2.3795529E-03
   13.84022      2.3559311E-03
   13.85022      2.3325433E-03
   13.86022      2.3093871E-03
   13.87022      2.2864603E-03
   13.88022      2.2637604E-03
   13.89022      2.2412855E-03
   13.90022      2.2190332E-03
   13.91022      2.1970014E-03
   13.92022      2.1751877E-03
   13.93022      2.1535903E-03
   13.94022      2.1322069E-03
   13.95022      2.1110354E-03
   13.96022      2.0900737E-03
   13.97022      2.0693196E-03
   13.98022      2.0487711E-03
   13.99022      2.0284264E-03
   14.00023      2.0082833E-03
