  0.0000000E+00   6.000000    
  0.1000000       5.914374    
  0.2000000       5.828927    
  0.3000000       5.743662    
  0.4000000       5.658586    
  0.5000000       5.573700    
  0.6000000       5.489011    
  0.7000000       5.404523    
  0.8000001       5.320241    
  0.9000001       5.236169    
   1.000000       5.152314    
   1.100000       5.068679    
   1.200000       4.985272    
   1.300000       4.902097    
   1.400000       4.819160    
   1.500000       4.736468    
   1.600000       4.654027    
   1.700000       4.571843    
   1.800000       4.489923    
   1.900000       4.408276    
   2.000000       4.326907    
   2.100000       4.245824    
   2.200000       4.165035    
   2.300000       4.084549    
   2.400000       4.004373    
   2.500000       3.924517    
   2.600000       3.844990    
   2.700000       3.765800    
   2.799999       3.686959    
   2.899999       3.608475    
   2.999999       3.530361    
   3.099999       3.452626    
   3.199999       3.375282    
   3.299999       3.298342    
   3.399999       3.221816    
   3.499999       3.145719    
   3.599999       3.070063    
   3.699999       2.994863    
   3.799999       2.920132    
   3.899998       2.845887    
   3.999998       2.772141    
   4.099998       2.698913    
   4.199998       2.626217    
   4.299998       2.554073    
   4.399998       2.482497    
   4.499998       2.411509    
   4.599998       2.341129    
   4.699998       2.271376    
   4.799998       2.202272    
   4.899998       2.133839    
   4.999998       2.066100    
   5.099998       1.999077    
   5.199997       1.932795    
   5.299997       1.867280    
   5.399997       1.802557    
   5.499997       1.738652    
   5.599997       1.675595    
   5.699997       1.613412    
   5.799997       1.552133    
   5.899997       1.491788    
   5.999997       1.432407    
   6.099997       1.374021    
   6.199996       1.316663    
   6.299996       1.260363    
   6.399996       1.205155    
   6.499996       1.151071    
   6.599996       1.098143    
   6.699996       1.046404    
   6.799996      0.9958861    
   6.899996      0.9466206    
   6.999996      0.8986384    
   7.099996      0.8519691    
   7.199996      0.8066409    
   7.299995      0.7626804    
   7.399995      0.7201123    
   7.499995      0.6789590    
   7.599995      0.6392399    
   7.699995      0.6009718    
   7.799995      0.5641680    
   7.899995      0.5288380    
   7.999995      0.4949875    
   8.099995      0.4626182    
   8.199995      0.4317268    
   8.299995      0.4023062    
   8.399996      0.3743440    
   8.499996      0.3478236    
   8.599997      0.3227233    
   8.699997      0.2990172    
   8.799997      0.2766748    
   8.899998      0.2556618    
   8.999998      0.2359399    
   9.099998      0.2174674    
   9.199999      0.2001999    
   9.299999      0.1840902    
   9.400000      0.1690892    
   9.500000      0.1551463    
   9.600000      0.1422100    
   9.700001      0.1302279    
   9.800001      0.1191479    
   9.900002      0.1089180    
   10.00000      9.9486925E-02
   10.10000      9.0804450E-02
   10.20000      8.2821742E-02
   10.30000      7.5491525E-02
   10.40000      6.8768322E-02
   10.50000      6.2608592E-02
   10.60000      5.6970857E-02
   10.70000      5.1815771E-02
   10.80000      4.7106162E-02
   10.90001      4.2807039E-02
   11.00001      3.8885586E-02
   11.10001      3.5311114E-02
   11.20001      3.2055009E-02
   11.30001      2.9090667E-02
   11.40001      2.6393408E-02
   11.50001      2.3940388E-02
   11.60001      2.1710508E-02
   11.70001      1.9684317E-02
   11.80001      1.7843910E-02
   11.90001      1.6172834E-02
   12.00001      1.4655993E-02
   12.10001      1.3279552E-02
   12.20001      1.2030845E-02
   12.30001      1.0898290E-02
   12.40001      9.8713096E-03
   12.50001      8.9402469E-03
   12.60001      8.0962963E-03
   12.70001      7.3314346E-03
   12.80001      6.6383532E-03
   12.90001      6.0104011E-03
   13.00001      5.4415283E-03
   13.10001      4.9262345E-03
   13.20001      4.4595203E-03
   13.30001      4.0368452E-03
   13.40001      3.6540856E-03
   13.50002      3.3074983E-03
   13.60002      2.9936864E-03
   13.70002      2.7095680E-03
   13.80002      2.4523484E-03
   13.90002      2.2194926E-03
   14.00002      2.0087026E-03
